6.1723517326 5.6121198870 16.8497654925 4.1755260914 9.0258005921 7.9047990255 4.8345250884 17.0308737858 12.9361956707 14.3930979013 13.8379220052 12.1955524140 12.6411508606 14.2220301342 12.3623494589 0.0000245737
7.6076410244 10.2598292298 7.2930805552 13.3731202510 0.2251527280 1.7830192124 13.5605674460 17.3355299888 14.5346831898 14.2433804889 15.8083854098 13.0563007385 19.0696817139 11.8270560084 7.2943771259 0.0000242463
14.4320481012 10.2431397677 12.1310236782 4.2490360960 14.0020054281 6.6478555871 1.5443357352 15.2417540131 14.3455217067 15.8743524761 13.8242539847 15.4087678004 13.6258005762 17.2592922696 6.6314749155 0.0000079809
19.0313228627 11.1982654229 1.9996636085 14.5868849810 12.3204483001 1.5019760422 7.9514335570 14.4734400036 13.7264501922 12.1656623682 18.4849703554 17.0870164822 12.5021859396 11.2502224079 14.5604340185 0.0000198489
17.0521068746 6.2356016227 8.5282616388 9.0810509002 11.4223872005 0.3686904850 14.7459661122 16.6909096424 12.6272468823 15.1836990777 14.9457675548 14.4655307598 12.1570562711 18.9228555208 7.8367134938 0.0000237731
15.0723846936 11.7617784599 2.3832219352 5.9885682631 15.9008961994 11.0285301686 4.0111382992 13.8665015020 16.3821666972 13.7976992351 14.0108067928 12.0533143228 16.5484367882 11.7356566313 11.4079578098 0.0000272683
6.7116145517 5.1832829538 15.0560780392 3.8745203261 6.9983277621 4.9411210695 17.9679906698 16.8001364321 13.7220887388 12.3733757601 11.9809705591 14.9193637216 16.8408440408 11.8466769799 13.9845542167 0.0000292853
17.9761253162 6.3003241358 12.9812290934 9.0824236118 18.4030159492 4.2051266008 2.9993865306 14.1055245155 18.3716535742 12.2285333147 13.4581284436 12.5547973201 12.0855893325 16.4220396853 13.9348285659 0.0000259899
4.1440746518 6.8543058555 1.1783087576 7.8864248101 15.7132131239 5.7504724236 13.4467080684 15.1866843529 14.3182199874 11.7304906017 19.2492944869 13.6731782227 11.8695158135 14.8403690004 19.4202867592 0.0000106655
3.9864465658 15.2283294079 17.3899703270 3.2968099482 1.4117592585 3.5041937128 9.2689633393 15.7867853569 13.6695059773 12.0649448448 12.9984001042 18.2889593288 11.3812546872 14.7852978557 18.8149612457 0.0000200798
7.5740906570 9.7725245721 1.4915795652 4.2097359827 14.8666357626 5.3676636593 16.2268062023 14.6495002508 16.2431085914 12.5379811712 14.8839777045 12.1185728184 11.3606002947 16.8230770809 16.6840234610 0.0000294006
0.7079935662 6.2450274909 8.7101736122 2.8455207843 6.3282132864 11.3915874294 14.4544893063 16.1175629302 12.6356045530 13.2933914385 16.5916131182 15.4240925393 12.2405393747 11.8045716115 14.6933281648 0.0000238643
12.9201965765 18.1055391839 2.8061564560 9.2364527608 1.3308369330 10.2625794279 9.1787017353 14.2284050374 18.0809611783 15.6761630539 12.6022940170 12.3808275974 12.1086511347 17.5173434602 8.7171496904 0.0000313004
12.8403582809 19.0835927998 0.5927188997 4.3517068770 4.2415918353 11.2343316331 7.9623550031 15.6905375691 14.7391266712 11.0127572270 14.6713442679 18.6367202028 14.4474962300 15.2143963593 6.8292061061 0.0000195288
14.9119475988 15.4887960263 0.4509341050 15.2116645598 5.0722106776 1.8073231017 7.4818124537 15.3802257199 15.9386604211 13.2752212382 18.0704046590 14.0254569151 12.9183845665 10.5482740091 15.7554638621 0.0000044341
16.8464918683 9.9883849626 3.5587498654 2.4803384282 7.0218907588 13.2809852281 16.9355018000 15.0649271408 12.6323214055 12.5489827946 19.6907951335 13.5420796825 12.8526894481 18.6140108502 10.5764304179 0.0000288081
6.1738341147 5.7747027204 16.3193785248 4.7713137018 2.0372783253 12.7760593491 7.3686154440 14.8413008094 13.7565534722 13.5509769291 13.7062349449 17.2024456508 11.0737419495 14.0184577837 15.6502761177 0.0000294105
4.2870920839 7.4570271908 18.0482838057 1.3022339082 7.0433212097 15.5912704726 5.1735286567 14.9605487988 12.9965799679 12.8319971166 12.5018262502 13.6578462143 15.1352681866 17.4841297871 18.4888745698 0.0000325376
16.5415873882 3.3166123509 4.0976017178 8.9135093087 3.7351956982 17.5565243398 15.8139506741 16.2796948026 13.6862309019 13.1250115739 14.6762330068 12.2366607291 13.4563671666 15.7032896444 18.8183420244 0.0000188987
6.9374203054 11.2293036083 3.2543666490 13.8476259997 0.8852578257 18.1342088748 8.8017513459 15.3935259919 13.0843657610 12.3133434684 17.2627570578 12.9215949626 12.5421269491 15.6011935074 14.3698926494 0.0000195499
19.2879659540 6.8190795267 0.7883807644 11.5002633633 5.8901707262 7.5382196168 13.4068536567 14.3175469252 14.8531230763 16.4052858008 14.1623660185 15.9985277967 12.4770998334 16.9990047434 7.1781954415 0.0000049290
0.7080745592 7.3950144040 1.0545504287 5.1247643526 10.5827596487 6.9601516261 18.7414386253 14.0234546231 14.6832287927 16.2515530409 12.7648053074 12.7026746400 12.2554439763 18.2382719649 12.5754415734 0.0000361224
4.4179309321 3.9577440051 12.5884435906 5.4782260043 16.6693414089 6.3366547054 4.7410367225 14.4876056087 13.8934643342 12.1442933450 18.1219642585 13.1221197114 11.7249809739 18.6515577781 13.7624272902 0.0000379245
15.7058458973 19.2168175943 5.8566635666 12.6312010564 7.1612149662 1.9911775746 0.8556277034 15.1930214249 16.5333585181 14.5275091494 13.9586330103 12.5920565492 11.3991904765 15.1017801266 10.2256486822 0.0000137962
9.8861606236 3.2459266559 9.3067161154 15.4824877863 9.9430503036 2.1893525515 5.7205074250 14.0550002865 14.7049590902 11.7888390264 19.2589337626 15.8229808148 19.4954075368 11.0346647278 8.6881794138 0.0000244236
18.1545052570 13.6064660193 0.9611408218 10.3845868443 13.2934057129 5.2505200293 4.2779968028 15.7240128149 19.7824455561 11.0656026349 16.1247387225 12.1543321503 19.8951286721 12.1337956743 8.1276991447 0.0000230187
10.6032963596 10.4400178894 1.4314424066 13.8546358164 2.2298038371 12.2213916541 9.1236842845 13.8822468559 18.3449783890 11.7664888148 19.0271563264 12.9574002407 14.3868267919 11.9642835096 9.3425860448 0.0000167347
11.9932098104 14.1467180889 3.4964588276 13.8400693230 7.9665508790 4.2544716555 2.7551438202 15.3504252705 13.3308366580 17.1164789633 15.3850199884 14.5987519386 18.7993827473 12.0646051982 7.4099196714 0.0000140449
8.9316300955 4.1650926961 10.3170975575 11.3911457209 6.0505704431 8.9907403285 4.2620552842 14.3076843582 14.2969650838 12.6445627542 16.7991502552 18.5556925680 18.2416802403 11.0467398171 8.1906448169 0.0000124103
8.3398847647 19.3945739183 4.2443597806 0.6850011185 8.4723828328 8.3490556543 5.6649200424 17.1681044524 14.0002041490 11.1916881531 13.3723379482 15.7495645481 11.9806118055 13.8228242199 19.4867003939 0.0000150730
17.4818689190 0.8585402938 8.5117989407 0.1761681079 6.9055660772 16.3816879050 14.7924380264 15.8382953413 13.5234663761 12.7088272444 16.2683689964 12.0985391629 13.0522579669 14.7224248467 17.7874163860 0.0031648899
7.5585926747 5.3818991657 11.8326923379 14.7213894840 1.7835178171 4.3008694173 9.6691342318 15.7781571592 17.6983906854 16.1988988501 13.0960868839 12.0676636729 11.4446463936 18.9495764008 7.9463078806 0.0000260674
5.6142245354 16.5226832758 7.8337848403 3.7158071139 7.0299466971 0.2724217914 19.4650399753 14.2360118041 18.0965146834 11.6827650944 12.7346690032 13.5045960358 12.9152904762 15.3905435902 13.4225878293 0.0000195402
5.0315108775 10.0746444264 3.1454078388 3.0297001757 10.3981729675 16.2083612460 9.5824898185 14.4504777973 18.7300481412 12.5191518882 12.5315785040 13.3369096091 16.2754174302 10.9262697818 19.2113672503 0.0000253216
14.9169575382 19.8606667092 9.4715040759 4.1516435687 9.6967406820 5.6432665639 1.0087882362 14.3669008072 13.5729330344 18.0692653498 12.7582034234 14.2416218455 14.8608963872 11.4220110253 19.0809176555 0.0000187069
6.4452609757 8.7937146573 17.3920711444 3.9507234095 11.0235092715 1.7485666722 3.8132993557 15.3368223507 15.0045520564 11.8810339639 14.1673419834 16.2482023459 15.3196401348 10.4754927128 16.9338566125 0.0000071832
9.1923647465 2.8345197350 9.0521574142 17.1569367893 2.1501499837 6.5864297126 12.4547777406 13.4819545708 14.6623161228 13.2249513968 18.5531660964 13.0027540300 14.6840467930 11.8030711061 15.3133209465 0.0000225340
3.2321137819 7.8524903993 1.5151520430 4.6579389673 16.6359234968 7.3676377717 11.8988227376 14.8194087857 18.1999148908 12.1581451294 13.8871305215 11.8660217949 16.0028702260 19.4188625999 8.2105259995 0.0000203297
11.3003300813 3.1510374654 6.6838012863 11.2317988753 2.2242759023 16.4023792410 10.2580643577 14.8275545958 14.0061806146 12.0313323163 12.6718983600 17.9325748933 18.6472735274 11.2580631125 15.3084881907 0.0000327724
6.7826158069 16.3362267388 1.6300188902 12.0012288355 5.4326968142 7.1638180013 4.2418328713 14.8675484896 17.4417399336 12.6296333757 13.6215075218 19.1710957550 10.8523826509 13.3593618311 9.9112503429 0.0000161622
11.5429865652 15.7491482414 14.2919080555 9.0797503566 5.7769839770 1.6955750053 2.0087030367 14.9520860774 14.2478387307 17.8750422663 12.5666945597 17.0730434005 11.5639039642 18.0484230244 8.0473990916 0.0000162490
7.5313726933 1.3416364729 5.4213989893 12.9414146201 18.0663738833 2.0287593553 7.6321940640 15.1234476836 13.6180822195 16.3475734278 12.5748987473 13.2747724886 19.9094942063 14.4395384099 8.8704982340 0.0000248192
0.1905920065 6.9685817483 14.1897507070 3.1489632985 17.7669164870 2.5452182570 5.2823091743 15.3168406753 17.1884718625 11.5220123155 12.6558553113 13.9246009856 17.8576944487 11.0014527602 13.9575001951 0.0000194536
16.6586939338 0.1872019159 9.4369511463 4.1710635667 5.6109133345 16.2502768440 11.9619765758 15.1213756022 13.3425108870 19.9892171633 12.6923900258 12.8267736172 12.3399595623 19.0139130302 11.6645218457 0.0000223726
9.3380530018 3.7524079620 7.1994488141 17.7024901839 13.5503836221 1.9582019792 6.6554120727 15.1307161455 14.2996166853 11.3106329228 17.3790003287 12.2845226862 14.5249990027 13.1119154953 14.0325863503 0.0000220753
10.5195596926 3.6909683263 3.9642005251 6.2258367253 16.4041990425 15.3121383213 9.0910752887 14.5249347787 15.1817737651 12.3777170250 12.3121726918 12.4221710079 15.6266547109 15.0887920566 18.6509142773 0.0000298751
11.7258105546 4.6892518287 4.5658485312 4.8327252604 7.0673813169 11.8603560318 17.5633101507 17.0987330581 14.5407164640 11.1650291703 15.4245137287 11.9717356924 12.4234436637 16.1099132061 10.7864613256 0.0000291970
12.3636455189 5.2485835879 10.7554336799 10.2216703802 16.1655104644 6.2869919449 3.8994578438 13.6036312904 14.7005161466 14.5437229960 13.4030389844 14.4677164402 12.0609057571 15.5172799940 16.5456424154 0.0000246262
10.2061210270 6.8127128085 3.3640135633 10.4671162014 1.7659627903 8.4140911254 17.6627903496 14.2469993670 14.1219173405 11.2443500610 19.0447246086 14.0529176699 15.1479690862 11.2729527315 16.8365112418 0.0000242906
19.4531782151 6.8883918330 5.6704770652 14.1009362312 17.9539909713 6.5761549438 2.2282941986 14.9668665079 18.7233765235 12.0656930164 13.3549469074 11.8296342569 13.2916504364 14.4456752819 14.1237570796 0.0000224970
2.7789660079 10.7720662365 3.5449109578 2.5495346299 12.0982690878 4.9569662764 18.7845329123 14.6928592987 14.3849071627 11.4179151708 12.8574626540 18.7106873289 12.0998293489 16.0648895965 13.4820084185 0.0000184153
5.5946609331 10.6066560728 3.6205848522 9.4694655577 14.9564684678 0.0296294115 12.4175867818 15.2063788137 16.7231876841 10.9482999212 14.1738501327 14.8567340699 13.9454255017 12.6513409917 19.2381677303 0.0000119544
19.2039378641 7.0967869256 0.7815728481 8.9306617699 15.2160423224 3.2106393330 14.4652432324 15.9452739885 13.7381149596 13.3163511960 16.5189814864 11.8802941588 19.9216331009 14.2357377029 7.2568493632 0.0000277555
9.4636411548 6.7874021453 7.0476262742 11.9366861330 0.0755945928 7.6451354135 12.0971772225 15.3931080931 13.6569172042 15.8887363669 13.1687896647 19.1571335892 12.7694294499 11.5732296778 11.8669723718 0.0000051456
15.8470268552 15.4019518711 5.0132523928 4.8667844756 0.7863612053 17.6647716791 5.0170278885 18.1940844334 13.6412424297 11.8498028588 13.7842454424 13.8156230485 16.6536572183 18.1263594768 7.1858715485 0.0000280510
0.8265507564 2.9595803409 5.5563344887 9.1612334219 2.5833941356 10.5683378752 16.3434423211 14.9801782624 15.1244914283 16.8834614137 12.0864042162 14.7253275740 13.8144862486 11.4948080390 17.9092364296 0.0000238766
15.5831859204 3.2219605808 12.1335536286 15.5742229892 5.0220685876 4.9222590523 4.4163322670 17.8352955292 14.1400808260 12.2264518101 14.5394940317 15.8225786715 13.5487525633 10.6120735833 11.3084482472 0.0000174159
8.3161110138 4.8203553868 3.8280332306 6.9088083991 17.9519535674 15.3705844856 6.9336092802 14.3646460032 14.7041934966 12.4800929110 13.5931366209 11.9095745054 16.3479193204 17.9586787317 11.4509302343 0.0000212770
8.9314243334 11.6888783680 3.7789036067 14.3146406244 0.1083691340 8.4858444620 10.3582345017 16.9545365047 17.7792636224 13.5185398873 12.5610152782 14.2431614951 11.7146696098 19.7641947502 7.5013029589 0.0000132428
1.7494114833 5.2514624080 15.3831431422 5.0946404996 6.0656416990 14.3852729975 4.4587542919 13.8266580558 15.0692083026 16.1172398389 12.3577773878 13.2908584649 13.1683712293 14.0856133580 18.7619343277 0.0000257823
7.5974205553 7.1222660764 1.1488002063 13.9258867635 11.1510171615 3.2634806667 7.6522464554 16.5529326431 15.7162571391 16.8142536593 14.4063130114 12.5537059841 12.5625410627 10.6795184182 19.5479986475 0.0000146624
13.7718115600 1.4229999439 3.8911940576 14.5582761898 6.1343867733 5.6323232314 14.6996294733 14.0252681686 17.4433666458 12.6038994743 19.3376911949 13.3377242661 11.9496223052 12.2422999379 12.2542768746 0.0000163461
14.2686958652 7.0120172547 2.4172971291 5.8201213877 13.2616667690 10.8268849386 5.4559737696 16.5975649998 12.8374353722 12.6022101087 15.6711269552 15.9580107748 16.0410164672 11.2549791132 8.7929804580 0.0000163986
6.2168662550 6.6862665538 16.7065446444 2.2204413264 6.7067780468 13.3699573287 7.4174544426 15.2294616833 15.7952301323 12.5185940712 15.3366636643 12.2819962774 11.2173363101 19.9133212891 12.1976972163 0.0000316282
17.6506065626 19.1109385877 9.2479501796 3.9681646289 1.1620983129 9.7453960734 4.9091843169 15.9266962044 13.0925603110 13.6431092208 17.4028517610 11.9549696652 12.6876580820 13.4325830662 12.8038137997 0.0000241883
13.9757615736 11.4311687359 15.3820989043 0.6757743303 4.1001025332 1.8936697944 17.4517242795 14.1236551222 13.1686863225 13.3897853056 13.8238812255 15.4952131006 11.6419747766 17.5680807723 13.7076268296 0.0000351528
10.2341778878 7.1221117685 12.8219429486 1.3570758735 10.5357488406 6.9496520325 6.0649894559 15.7711805325 17.6007690838 16.1132303116 13.6949940659 13.0073272765 11.8685654697 11.2626165368 13.7193319334 0.0000092049
9.7346279807 13.4485318773 0.3155175285 4.1615720728 5.9432924308 15.5780949545 10.6433877512 17.2083053267 14.6714712690 13.7855195525 12.7509595583 11.7249153454 15.3045793786 12.5307226327 11.4951840144 0.0000193882
1.8397947308 14.1355750825 9.0627460498 0.2488751264 14.8901912912 7.1028381860 4.2068959175 14.0311218788 19.7178441420 12.7641348583 14.4962052367 13.1459234386 12.7952863234 14.1443382988 11.3514665734 0.0000069489
4.8639053347 15.4097949096 6.6416942880 18.4229629365 7.2827079264 1.4043749769 2.7128053332 14.3204253315 13.3906953874 15.5584119529 14.0450618477 13.3173580866 11.9757759997 17.9761544193 18.6811665269 0.0000565483
16.0931326460 7.0215929375 11.8579899497 0.8397882457 3.9016699191 7.1275869641 19.0122816567 15.4743273429 13.2882765908 11.6391039944 12.6859931764 17.0422280665 12.4250945269 16.3541867505 14.3573577043 0.0000326341
12.3011935041 17.1634466613 0.6632835907 4.1426919097 6.9040413130 16.4336450521 8.8181086838 14.0925430626 17.5420154122 11.3830191795 13.2577668510 13.9477608284 16.5918831406 11.1831981441 17.8956004443 0.0000331822
2.5356788227 13.0297484014 3.4399149219 17.9911098257 8.9129354330 0.3000256951 6.4294166816 15.2727060438 13.3304749891 12.6234990342 12.8158292869 18.3641063693 18.0612472528 15.3858578401 7.4797608525 0.0000193178
5.5062911315 6.7811217123 8.5884986867 1.0290141776 13.5849950662 5.2620867435 13.9769680151 16.0697223657 13.1518263180 11.5023151471 15.4767705503 18.4643448127 13.5655753785 10.8376720431 11.2358640443 0.0000291875
8.4818406013 4.0973985238 12.2661033899 4.3844620569 15.1681920639 6.5680069679 6.1052179977 14.9635179286 14.2952677331 12.4617395341 15.4337838607 15.3897530352 15.2568169650 10.2277742889 11.4871240698 0.0000155218
15.8789620260 11.5267486401 5.6067840775 2.2968601121 14.0446978719 1.7469212941 17.8334268113 15.4480614570 16.8012508224 11.5127231614 13.5240820981 11.8576407292 17.4802652861 18.8062167765 8.7576063470 0.0000248871
12.1963016689 2.1631258860 14.1624002133 4.6095676477 3.8062923895 6.9981873410 12.2575505124 16.9646622296 14.0507973823 13.7373779976 19.6230653863 13.3181807638 11.8523733400 11.2405286547 17.9964537113 0.0000139281
4.8838875416 16.5417742857 1.9958162253 14.7464557562 2.0668576743 6.6189898429 7.2998585302 14.6881213971 13.2545510460 17.4987343828 17.3582940872 12.3338854638 12.3259029945 19.1542518448 8.0912978279 0.0000347042
8.5085467276 11.0288134497 15.7172607370 8.7496555992 0.2680543822 13.4877022910 4.1868160055 17.1688459769 13.3713026898 13.7719490439 12.2252497258 14.4157584373 15.4733931318 14.7030396677 7.7862780363 0.0000232732
8.2380549631 5.1296893251 14.0483118597 17.3123184002 2.2528169974 3.9770656110 6.0711059843 17.3485652188 13.7472156526 11.8344623912 14.7727627333 14.2339019822 15.0935342206 16.5375430461 6.7000447015 0.0000216766
8.6470194309 4.1206476780 6.5596988375 14.4251402197 2.2940156694 8.0562730864 10.9040377138 14.1138959280 17.7331964498 11.5463086113 14.1276667179 17.2749499368 11.9313427339 11.8090842531 15.5734306048 0.0000191834
15.0352796987 3.8822950289 3.8381439442 11.6562418619 18.1940759668 7.3018043017 8.9459669414 14.4935498196 17.0526534525 13.1370086634 13.7284877877 12.6804074408 16.6495912223 11.3868283077 13.4033457172 0.0000210427
14.5772798100 8.1370347966 12.2745326624 9.4650625736 2.5711197391 11.7758525687 1.7722138080 19.0773945764 13.4676340028 13.0676105079 12.0751894412 16.4161625391 13.1807732167 13.2907309163 9.4493729375 0.0000160212
11.3184715084 10.5904076886 9.7073870835 3.1345216422 11.7394880016 8.9762390961 3.4930073478 14.2373046834 18.8315001980 11.8640800256 19.5479471959 12.8122591957 11.8275129987 11.6808138264 13.2095606673 0.0000214662
12.9848106375 6.8438870175 1.0741203446 12.8287530774 5.9620281396 5.4732525229 18.0520526049 15.2227665479 14.1584121559 18.6634843713 13.1660636843 13.6573227935 15.3492428345 11.6819271315 18.8301008160 0.0000087647
4.6993950029 3.9536002963 4.1544338144 11.8624831825 8.1455026791 9.8783236796 5.6841995498 14.5765905737 18.0886886628 16.6959827692 12.1621420928 13.6712972388 16.4622830605 12.1500565911 7.5202499206 0.0000216528
8.5679214513 15.7731475938 8.6285859126 18.2772074196 2.0290499190 0.0534318488 8.1710269535 17.4454396136 15.4901004952 11.4452833465 14.0153804638 12.4308682616 15.9644458126 15.7137374717 8.2399346580 0.0000196294
10.0356198336 15.4673049754 5.5402217433 5.2786466585 1.1339269156 14.4110757125 4.1069282064 16.2154956794 17.6117114744 11.7949289214 14.3787889270 12.7588520912 10.9731312207 14.6684251386 10.9360768358 0.0000219550
2.0489807811 3.2595284229 8.1491196996 4.1793682934 6.9095470653 11.5247656055 13.9867949311 14.2889531600 16.9613750784 18.4942185637 13.0191979556 14.2493098614 12.2635218077 10.9325745013 12.0317933632 0.0000301330
0.6930722464 1.9263042396 3.7648558339 8.9667041459 17.0528322198 6.2908665661 14.7866033914 13.5246627744 14.4890245385 16.2012691668 13.0629552242 13.3115175560 15.1118748269 12.6123617385 17.2697600765 0.0000288006
12.7266958270 5.9227446421 3.1466222755 19.9874182735 3.4144824450 8.9897157210 10.1822766949 15.4602982393 13.1457510268 15.9326809366 12.3820049106 12.8366824157 14.0614436517 18.1913192263 9.6733997257 0.0000277503
11.9961072025 3.0970066400 14.3512838662 4.1757971583 19.9201767222 5.6438733195 8.1853951769 15.0626020803 17.6158315692 10.8494031079 13.5819222354 13.3376257987 17.8843532912 12.3633739844 11.8177540599 0.0000137736
5.7742409416 3.3571547361 10.7340573707 4.1343417860 12.4087273982 7.6991261721 8.8976593392 14.6083314052 14.0679085344 13.0876126724 16.5174872746 19.1694992828 16.5489832579 10.9893157340 7.2076592656 0.0000332759
9.0810639027 12.6381754403 4.9395275252 1.4442677649 2.6667893143 8.9764008514 19.0311378718 14.1075497341 17.3225734043 13.0230676254 12.8756067261 12.5823677941 18.8343673560 11.4108340374 18.5668573272 0.0000395180
5.5928575592 3.5638275190 7.5128270406 8.8819393282 19.0630009845 1.6964516881 13.1306498448 17.4720513730 13.9852316527 13.3770022191 12.1164546090 12.9875362306 14.1990387051 13.3958850095 18.1488998069 0.0000195069
11.0842165857 4.2872648920 11.4716292674 6.3146654758 2.3658433632 8.0485992053 11.5158207710 14.9857102150 17.2699374507 11.4320684919 18.7322611514 13.9256208290 11.4054891404 11.7409295462 15.7758592100 0.0000158493
12.4213555997 15.6952494534 5.3207503254 4.8037292496 15.0271415521 3.7387745795 2.0163417626 15.5972157674 19.3060073680 12.9768481116 13.1979341100 13.6287726498 11.5885496245 14.2423418934 13.0847203725 0.0000118607
6.7081178428 11.8626077269 3.7691199153 10.5389193655 18.2466148366 8.2063868676 1.8135831072 19.1647702714 13.5791493884 11.6400095112 12.6548823352 12.6352970392 13.6070245212 15.6257593305 10.6287784311 0.0000289040
6.8762667607 15.1433357226 5.8507973703 1.6447359469 2.4414227379 15.4234974864 9.5330852549 14.1891612095 16.2856710131 14.1228017679 12.6552020458 12.8591914390 11.6336174177 14.9083051536 16.4747869698 0.0000323597
16.9548306577 6.9377367380 0.6614848361 13.9971197436 10.7572251388 6.9846594545 6.3378000729 13.6523912529 18.2563920196 12.3772588787 13.0247659298 19.8328876083 13.7172038154 11.5161265854 10.0489620261 0.0000230133
1.6767580543 7.5985485370 12.0585853366 0.6579948034 3.6317918534 3.1933871216 14.9568634793 15.9737687190 15.5232845690 13.4254920831 14.8667619413 16.2140364416 11.2629971095 19.8610986110 7.7472035232 0.0000151219
18.5021569594 4.0644434746 5.2258254931 6.0217891811 12.5201968439 2.3537236919 14.4585768853 19.5117504553 15.1059956979 12.0048508433 14.2875715290 15.4862074548 13.6145529035 14.1176015935 6.4556741765 0.0000201967
15.5398941142 4.6895174991 3.6905135609 10.6089429241 14.8348628274 8.2856654365 8.4993917643 17.7724385480 13.2375827819 11.7689212427 15.4951302458 12.0760426747 13.0436820832 15.1461041438 9.9666185849 0.0000255144
9.2130151559 6.6965319289 2.5962224933 12.4103702728 7.4080877343 16.0236380273 5.0282330757 14.8825271596 15.5627616236 14.5021168531 13.5572681360 12.2912935388 11.4988995261 16.9351118856 17.6535271107 0.0000341500
7.7199582207 11.6417494049 13.4830784603 0.8481628623 6.4716164856 14.8762671915 4.2632877618 15.3208122751 12.6291427781 15.7377509872 14.2005088905 13.9583822901 19.0607538775 14.3615664848 7.7096731095 0.0000240068
16.0963752964 5.0809656338 18.2044417883 4.8415967296 5.8837830590 12.2208689967 4.8223928498 14.0606797564 14.6492575656 11.1288718311 13.7817193604 16.9770947280 16.2278134707 11.7656598331 14.2177501308 0.0000244420
1.0029913873 16.3733278359 5.7451749801 0.9815924697 13.0179185796 2.1183058353 7.2891186335 17.2060467278 18.8359906635 12.5457161375 14.6624114148 12.4766358738 10.9874434687 12.8128588758 10.7995745068 0.0000286248
3.7704893331 4.8398995043 3.8226259152 6.1716197376 7.7412204184 9.3185176591 18.4896702832 16.0816918360 14.2216690642 11.2481431288 14.7943174627 14.8073839313 17.4525657309 18.8847625713 7.4832213310 0.0000324985
2.2374066870 11.5052287894 17.9970937511 3.5032388858 1.0133085054 5.8758268717 14.3067814809 13.6508890717 15.0730974331 15.3527241814 13.8463109934 13.1570751967 15.8143017131 11.0983655234 19.4603745263 0.0000280528
0.5363541606 12.4115369485 3.5644088233 5.8454840832 19.3040761867 0.2619057571 11.9432400960 17.2235069182 13.7019098489 11.9264173975 14.7749023024 11.9858383640 12.0169098625 19.3453340248 18.6229326924 0.0000242005
13.9687952351 16.6983188149 1.0880058586 7.2008414725 2.3682263173 8.0352744023 10.8686151700 14.5214826016 15.1861841793 15.7720123763 16.4270164254 13.6105595465 16.7783751661 11.3187287405 8.1958080053 0.0000164745
17.5939047242 17.4825847858 9.2143611372 1.9007466280 10.1681811017 5.2159428691 4.2542082316 14.2599482601 13.2431781548 16.8479455693 17.1227176716 13.5250939432 12.4059017524 11.7685666446 19.5420844016 0.0000167288
6.3633488152 16.7653859512 18.4427946719 0.7243776675 6.9384122663 6.3569394805 4.2509690182 14.9156187717 13.4608685221 18.9278115609 13.3260345305 12.1360351148 12.7417346370 15.0780694383 15.8801166970 0.0000251479
10.4367859589 2.1549038397 7.9037349979 4.1467600284 7.5794435417 15.4297324875 12.2433555571 14.4516078514 15.6467135913 11.7794480009 16.1201273420 12.7689695218 16.1986300963 15.6823455414 7.3370158380 0.0000099665
0.8754987879 6.9571877007 16.9084561287 1.1826390016 4.9889612174 4.9859039800 15.2544246324 14.6198629910 18.5477883208 13.1663575871 13.5091781632 12.1381890597 14.4067539477 12.6321031196 17.7744965694 0.0000113147
8.4457155874 3.6215030801 3.7757012955 17.5483114575 6.1930963026 6.5280302894 14.7550773341 13.5275340195 14.9042619429 18.7104483738 13.4692221980 13.3639513117 12.1393154130 14.6161512501 14.7413276183 0.0000292140
5.9256561951 13.5723852499 2.3793946672 10.3134032062 7.7831238160 1.2097606901 12.1355778382 15.1765876064 17.9841391939 11.1731103723 13.7300751793 18.0239757667 11.4013773619 18.1816548552 7.9383610031 0.0000217989
0.7612777327 13.3636489269 3.7827260169 11.6247168758 0.2194949385 8.7317487059 7.3035762106 14.6039458857 17.9942252808 16.6913512924 13.6434552952 13.5711493021 11.5559751620 18.1720205196 7.6896690523 0.0000100665
12.2948055963 6.8420320560 19.5795383910 2.0126526143 11.0661548690 4.2271404349 8.0122654345 16.0002006407 14.3456239795 14.9222321340 12.1919538911 12.7827457121 13.6238117806 14.3105263947 11.7709706368 0.0000217104
6.1384293541 11.2876030113 15.3178280946 1.1547987176 7.0142104669 18.1422075258 4.2818068541 14.5548737640 16.1446690840 10.9929631906 12.9281869159 14.1945961350 13.2851778101 19.0064988458 14.7976339093 0.0000276533
9.0678181955 11.1633424780 13.4580286974 19.4968182874 5.8369031457 1.7844815436 1.6861704250 14.4663727726 13.7558321734 16.0484812958 13.8868220039 12.8482551198 18.4583665080 15.4655524383 8.3335887337 0.0000103295
15.0564145962 10.2358726581 16.7715801290 2.0808256413 11.8342841584 6.6758391249 4.2197206569 15.8294295407 16.6192909376 10.8841616856 12.4147523826 14.8054115108 16.8842896255 13.8817438961 8.5560125183 0.0000253573
10.9643152751 5.6752227769 12.6038972730 4.5142632289 3.8011310650 17.1897032506 4.7881579449 14.9305346418 14.2638809321 12.3392748187 13.1897296388 17.4182080688 12.3470440795 17.3471912803 12.0358347111 0.0000111404
15.4077090721 9.4346070101 0.3644010255 11.4907787059 12.4322310972 1.7557648932 10.0762737834 15.8951811354 14.2734337338 11.2068289198 16.5010101786 17.4770359318 11.4333215712 11.4595883076 16.9093315810 0.0000206359
17.0095316117 4.2667087345 4.0046367258 13.7414593374 13.3814560454 3.6668073277 8.2939664095 18.5132328636 15.6893488265 11.2585622464 12.5866485611 15.2570286890 19.8885528077 10.9386917607 8.5578746583 0.0000236870
1.3684960126 4.6478428069 6.1107087606 4.2155928302 11.1369517450 8.8513339187 10.3566140038 13.9564377832 13.4286077842 15.1702523836 14.5049689026 17.2330332268 12.9757871673 11.0944402143 11.2143053113 0.0000250052
5.2788520092 6.7543717911 15.0226513691 0.9747231765 14.2944587171 6.2331220889 9.0145003289 16.7703452818 13.1867514738 11.3267828168 13.0082174457 17.2315822385 12.0327227494 13.6393723896 16.1526495476 0.0000367281
15.3254502135 11.2729731872 12.5468102078 3.6648109712 6.5529322007 12.6109092554 2.9837527986 19.9860698711 13.8386780467 12.9173276784 15.8310942283 13.8458121502 13.3501525897 14.8896321077 6.7982665813 0.0000056838
15.3363703980 14.8194276913 4.0437182907 6.0998919488 7.4558600801 13.5467119494 1.8334311643 15.9624440112 16.2809712471 12.0252473187 16.7482394586 12.5958104960 13.7043656038 10.8505824880 12.7980014969 0.0000074372
15.8457456211 5.2050949570 17.1180892760 7.1809015644 3.5132138727 12.4587193798 4.3541980267 14.5523601150 14.5513012880 13.3055955628 16.6839252399 12.8064337882 11.7082272523 14.7791813372 19.9427563971 0.0000153798
14.2018277262 4.1862179804 10.1997419734 10.7713669900 19.7170621059 3.5595081886 4.5045282713 17.6380376523 13.4135166268 13.2306263779 12.5909468588 12.5676067372 18.4645589366 19.8982733788 8.0589603213 0.0000227155
14.2530493353 5.7329271673 8.6940470499 17.9512593425 1.3883567169 9.9204090275 9.5441242251 16.4679945569 13.7888527001 11.0437760109 16.0476298913 12.2984272764 14.2943391390 19.0548771094 9.1036612292 0.0000235979
7.1635254935 9.5044571061 10.2691710815 4.2214369937 10.0477780182 8.6328016160 0.9323967831 15.0627991474 14.9361991140 15.2228536019 18.5123482857 12.5953224540 11.8328689805 11.9807870069 18.9152185675 0.0000110695
12.3605664890 7.5172864720 7.5112949281 4.8194535161 10.5390653211 13.2689084930 2.3530377571 16.7926612641 15.3932734837 12.1267727597 13.5818365120 17.5957834614 14.0147221989 14.3682127275 7.8195109181 0.0000162669
18.3503143133 4.2849995422 3.8253824812 9.6700709536 11.4604023377 9.7686316208 7.1783820055 14.0000173618 14.3711554155 11.6338904948 18.5158052391 17.1906702397 12.3131862802 11.7364208636 14.6587040277 0.0000201727
2.9940881807 3.1401251062 15.3903054537 4.4148544020 3.9165304247 10.8842365667 9.0688417591 18.6225466029 15.5656214525 12.8730381693 14.9609213026 11.7487638716 17.0266802937 10.8831599172 9.0510268206 0.0000195546
4.3623226700 12.0303455675 17.2484136621 7.2848750448 10.6611796561 1.3732953375 2.7295728645 13.9403865253 13.5067320811 13.2877216493 17.2567364540 12.9532238340 15.2572850833 11.4002215263 14.9830920802 0.0000256859
13.5636018570 4.1273907062 3.7873392905 9.2270515155 10.8278228396 5.7289446922 15.1309098609 15.4459863794 18.2300851333 11.5179328086 17.3283189333 12.4771708047 12.6691446227 19.1748765323 7.4461394571 0.0000118799
18.0504139771 1.6052867853 10.6766672285 4.1723522729 9.0516324897 8.5485170403 9.7499990770 18.6138455702 13.8917723063 11.1246312240 18.3057252947 13.6604389581 12.3332723090 11.7210927837 13.9769354649 0.0000158703
14.0652486737 7.0303137764 16.4096020797 0.7538486476 11.2289526369 5.0625150626 6.7831327296 15.8997870406 13.9365526717 11.5926819253 14.3783028300 19.3788893034 13.5286291622 15.0321617335 9.5128030343 0.0000087687
7.4482692878 17.7233299802 5.9200190796 4.0098688963 0.7797518604 3.7289345221 15.6365955921 15.7154900846 18.2020273842 10.5564741430 15.3455673750 14.0228340513 17.5937808627 11.9259133427 8.8660245052 0.0000171863
11.8954966126 2.3932132297 3.9007417378 12.4760593365 19.5943919913 6.9079967462 8.0680079967 14.4370919365 14.5847710418 15.8395842417 13.1280341018 12.7732685888 13.9767814216 13.9581507851 11.5349452744 0.0000114629
9.6023050709 3.8523021816 16.1451818250 4.3061278567 6.7078693042 4.4165051889 18.2866299462 15.7884830456 13.3183963620 11.4285932031 13.2189120271 14.7709116209 13.9413196157 18.4258152496 12.1561062212 0.0000171936
7.2199051359 18.2415761865 1.4490534430 6.0741805636 15.2005658349 4.8256453009 4.5169117391 14.5093347619 13.5476567037 16.4630991616 12.4829319180 13.7817958600 12.6293838587 14.9900394347 17.1480217733 0.0000193941
10.3763456846 6.4560546873 8.6328469079 18.7984398190 12.0436254800 0.0825117577 8.7557759811 13.9210486632 19.4202865766 12.2369119448 12.5482071199 13.3019111151 15.5203468183 17.7243358120 8.4565024359 0.0000246539
13.3819370870 1.6601700607 10.1343631869 4.1274874887 7.3348837745 8.5199005914 12.2908823242 16.8124987954 12.9820262342 13.7108314332 18.3750996638 13.8389779133 12.5697903004 10.6396680213 12.8962342731 0.0000243821
2.3210675333 18.6259526652 4.5176478867 3.5853209371 5.4302442057 10.2998692363 3.6167158728 15.9508546347 15.3045293355 10.8959082922 15.4857103167 15.4419947496 13.3083246098 13.4479111346 10.0722138850 0.0000168305
4.0361473145 16.7881703230 9.5891018736 11.6213855618 1.8509075761 1.0106648559 4.5482877249 13.9117549056 14.0112922085 18.4080742092 12.8059476553 17.1277439928 13.2451551007 14.7295203755 7.7267307610 0.0000255088
5.5275364543 14.5617892777 0.8209912107 4.3613456316 7.7352775152 3.5877870370 18.6082165959 19.1093069126 14.4660871342 12.7343739847 12.4021840539 12.3958664673 16.8867557733 15.9028756642 7.6858668706 0.0000184404
15.1608954780 11.1111639337 13.8750722420 14.4995678062 5.8431360797 1.8167445973 1.7978408509 18.0904134578 16.8850611093 12.6033010894 14.7937742812 12.2029569685 11.6754666267 11.3263807543 17.1716242684 0.0000262254
7.1707153537 4.8901598321 12.4650961624 4.1522631130 6.2253311061 11.4784911274 6.5471685794 15.2006722479 19.7166997952 11.4152559962 14.4804112056 15.7218556942 13.3963179632 14.4031085310 7.0834526176 0.0000214718
18.6516545791 6.7269126116 1.3013128321 10.2353664791 8.9679081274 6.8688105798 15.4681157232 16.3305761714 13.0376941567 19.4448041668 12.3548120822 15.0791519432 18.6255980149 12.3542191643 7.8511798912 0.0000264783
18.1851470637 11.2188643730 14.7161893678 6.8753075460 16.2331198521 0.0188337826 4.1185126381 18.6386123458 13.4653853807 12.8284712917 12.9693133267 12.5365965348 12.2255579060 17.8741104455 12.7045616625 0.0000214163
4.3557678782 3.9963031455 8.0106233699 15.2901060928 2.3031489476 6.3261844818 13.4316022403 16.8714994951 15.9547034009 10.9883266999 14.8734170384 15.0605170888 13.1455437441 11.5620946932 11.8663162437 0.0000144076
3.6024753086 9.9758367073 2.3892257548 3.7264359723 9.0472777925 14.9828644553 10.4915051542 14.3177426221 13.4500522991 13.4171749652 17.1764231490 12.0781148778 18.5105746961 12.6400104841 9.9317112367 0.0000254306
11.2849313720 19.3052258074 10.6854697291 4.0380865880 8.2122574250 5.4751517761 2.3293984163 15.7836623125 15.4997232800 13.0441270406 12.8083815413 16.0568494689 18.4516536561 11.2586798379 9.9799634959 0.0000039561
8.7784311797 6.4998565399 9.3470948019 2.5723381231 5.1175897296 9.9226871276 12.7717684109 14.0006861754 14.5820550114 13.0504731037 16.2371953019 18.4244010543 11.4792458837 10.9882383471 15.0386718235 0.0000280394
2.4494738766 11.9731093919 8.7739830895 4.1334247442 10.1638498296 11.3787259425 0.2728460721 15.0912714858 13.9314993876 13.0833172105 16.5917790485 18.6666733533 16.2053247127 11.1721585299 7.3683765351 0.0000386642
4.4753659585 15.2778926319 8.0266703683 2.5365692153 1.8775090608 6.9480949482 17.5366994689 13.9993065400 17.0683801157 11.7749059025 12.4987585769 14.7357890013 12.2717874886 14.4168412326 14.0888066327 0.0000286169
10.3439320904 6.7506359563 1.0373091161 14.4489357493 15.9670563310 6.5558973555 8.8268846060 15.4152317759 18.5055640755 10.9050750343 12.6277368500 13.7713224827 15.2573988110 12.1269838362 13.8446942254 0.0000282572
9.2153869956 1.4001769526 9.8380113680 17.2051795002 8.1882018848 7.6963868939 0.1015330825 14.3823552713 18.4328121467 13.2011537245 13.9787424924 13.2042734217 17.8059281667 14.2327408028 7.8525352435 0.0030934450
11.9548780699 13.2901079205 3.7406716266 11.1652470642 9.2540594971 7.2030695352 1.7145540644 14.6278375072 13.4205893274 12.1781217897 17.0810086082 19.4798379168 16.8748640659 11.1081086216 8.4218794821 0.0000279859
17.5240954626 16.6042731447 5.9093246455 2.8840697131 7.0280787468 1.2586151683 15.7116950535 14.2048195892 13.0698804028 16.4006892016 14.0973994698 15.7217590128 11.7641970236 16.1433755704 8.9297315371 0.0000285207
1.6899715464 13.6176485794 0.5607812397 18.3135298021 2.1876575302 5.9760094167 10.4882438559 15.6128805088 13.0302611455 11.2243776668 16.4287042795 13.9977834781 19.7672288663 14.9350556005 8.2319282734 0.0000221372
17.8234465483 2.5886610111 7.1181828531 10.8867026277 8.4919103913 10.8466669518 4.3249606120 14.3078980339 14.5243734599 13.6558057272 15.7257895619 16.9337776411 11.5799866274 10.8320276805 14.3093356759 0.0000183417
13.9787344280 12.5809380321 4.3767582867 17.3269979142 9.6078569117 2.6417444833 1.9228334535 13.9034496749 15.2348979385 12.0846509089 12.4120353806 19.1590144345 15.5469498026 14.9102940602 8.2073506501 0.0000268555
7.2159248241 6.2459665233 9.0226378424 12.8177822839 7.3379831105 10.3695963645 2.9422086242 14.0298868321 12.9051137889 13.3004150523 17.1278434587 16.1902084716 12.7358294023 12.4654064050 10.7916176293 0.0000250371
4.6450144800 6.8070906592 14.2916772585 1.1629330531 6.5260069738 6.2301222145 13.0940203770 18.4683794296 14.4786175011 12.9039070543 13.9790824317 16.2825580669 10.8619235023 18.3951365340 8.0887364702 0.0000115416
19.8592772215 13.0661562991 2.8002592792 5.2667741532 1.7212063892 15.5427134587 11.0150821070 13.8192499996 15.0053012969 11.6694103714 17.6712060952 13.0776169465 15.6354510822 18.1834447275 7.4283020685 0.0000285288
6.6859382980 13.3938496890 2.6878106424 10.4604268375 1.4391354999 14.2216658718 9.2479674343 15.6247382407 17.3212617447 13.1644642964 11.7366961986 14.3880294662 14.6243717080 11.9538525509 11.2405711616 0.0000173851
17.9547896670 13.4613206474 16.0581817824 10.3487043047 2.1540664444 6.6119956517 1.6665984802 14.0025694554 14.4915068549 18.0967691502 13.4524168365 14.7953599338 14.0550107769 10.5875080649 14.1571157979 0.0000228932
12.0726141726 5.5086735236 3.2043986458 11.2735950898 6.4685802043 11.5500358607 10.3325105990 14.1763377305 13.3464292989 16.0331944945 19.5953148244 12.5792541182 13.0716634738 14.7618231542 8.3662741793 0.0000334121
0.4426785372 5.1876837860 8.4191615879 14.4846903563 1.8762646150 11.9146099243 7.8400096446 15.6612169784 13.4062908196 11.7248794502 16.7194101194 19.8021705671 18.1047537044 11.0507349514 7.5376283287 0.0000266470
19.3178809113 4.1967088938 12.2853366744 7.5638131547 5.2083010293 12.4086471664 4.3540076645 17.5600533299 15.5634247780 12.1098877372 12.6750969403 16.6583496769 13.4660471650 14.0862461942 8.3977812891 0.0000185283
0.1309227599 6.9420332309 0.3536524416 16.8958127828 9.8665015135 7.2018221531 6.8017124834 18.3573521677 13.7269795408 13.8846894845 13.4450931020 13.0404249967 11.8121732232 13.9477411619 13.8327510009 0.0000061789
1.7861835007 9.1687889767 3.5066107419 2.6557576003 7.3823823437 12.0783717274 12.8561483661 13.6592707549 17.8841750400 15.4836070167 14.3287331225 12.9930525182 12.0175167827 11.8525578887 16.5553326715 0.0000226686
15.5158123476 4.3157377269 11.7083591615 12.2567370617 7.5453799214 7.0715819149 4.1856374414 14.6140177924 16.6711585144 13.0142524162 14.5177245512 16.6423678006 12.1018556022 11.5196179665 18.6485244887 0.0000022821
15.0936320839 7.0402028883 4.1191036887 2.9553312988 10.6435947194 16.2727480146 9.4236715012 14.2982519279 14.0996810713 12.3916025365 17.6203202783 12.9829585242 11.5726853410 17.7785906250 16.6834895199 0.0000337011
10.3417245964 12.1079299299 11.8932230308 0.5748615958 2.2469681162 17.8157457060 6.9588744717 14.0357498513 14.3681867628 11.9598951620 16.6704159915 13.8902505471 16.2628301538 11.5452843218 14.4610105040 0.0000279339
1.8980388646 6.2298332693 6.2542800113 13.1640697775 16.1481686597 4.4596677942 3.1571784595 14.3967351780 15.9102707898 12.4526947092 12.7079929554 15.3219008627 15.8378674236 10.8149977271 12.7558223803 0.0000222305
1.2653211120 6.9753969930 5.2392290995 18.2724282746 0.4951967956 4.0942821855 13.5837508366 15.7745493231 13.9062341281 12.1350447514 13.2352109393 16.7684959859 16.7210043710 16.8103684486 7.2299352444 0.0000107744
19.8622628118 12.9243764482 3.8703912139 6.6810637032 17.3062372664 8.5051476545 0.6279964747 16.5782943482 15.4554214805 12.0881793600 14.6441608578 12.1625427041 11.1758127689 19.0556703446 16.7656922932 0.0000264431
11.3531510688 4.8175571174 12.9152273178 4.2253851984 6.8235734094 18.6315838961 6.2574980311 14.1405315139 14.8798505797 15.3462125151 12.9471945956 12.3787857979 12.3759974865 18.4693164291 19.9256499042 0.0000286888
0.3695548849 8.2970766939 2.2395405841 15.3623745558 16.5730309183 6.5464505324 4.2066805447 14.1622172822 13.2410667765 13.4260880732 15.6870027271 12.3693472008 12.7996564536 18.0601645272 12.5574068024 0.0000337401
19.1849709259 3.0370919911 5.9110747871 4.4428257853 14.3927524660 12.0485924946 7.8337249228 14.4935292902 15.7623604831 10.9967419664 16.2398866660 14.4986754509 15.6721305573 13.7909510285 7.6648162177 0.0000169416
4.8559757029 17.1441661893 7.9496112315 11.7663061819 2.2415945060 7.2979726374 1.7410142036 18.0466160282 13.3782151723 12.0146438846 14.2071292017 18.7280629326 17.0203906915 12.0347534842 7.6167206718 0.0000099095
11.9424387758 18.2468765125 3.0260566087 3.2414202439 5.9698622482 3.9188384402 16.2956859621 13.8410828585 18.5038538237 13.7035606244 13.7901749306 12.4047455544 14.7983688150 11.0800894075 11.2653850847 0.0000310429
14.5571837779 6.7390263047 18.0856941345 9.9618238768 9.2193487542 6.8585508273 0.9218364226 14.5683302965 13.7013145213 18.2431521513 13.3247414317 13.0080676408 17.0511006401 11.3787488714 13.9549415245 0.0000247004
17.5061985622 6.9333462360 6.2353745705 1.1200096882 18.1353940279 4.6320321527 13.5897205777 14.5160477565 13.9132878141 12.4646161720 13.1063204558 17.3313052721 16.4755655506 16.0375520836 8.4236582645 0.0000051149
7.8870400967 6.3318002792 7.9928486809 13.9011098187 10.8136878143 0.3339294340 7.2278555806 15.3921545722 14.7179116778 15.9392815399 16.4988377624 13.8443546120 18.2553941453 10.3981809719 7.2483034166 0.0000231685
1.2696669351 4.3397805019 3.8160943605 7.1176335308 8.1252766311 11.2980863352 11.4168320600 17.9378362747 15.0373366482 12.3603796602 18.3765848909 12.3261781222 12.4599574893 10.5517771960 16.8444336317 0.0000225548
6.2114232284 7.9642784616 4.2455205506 8.9904473121 16.9991000950 12.1752600167 1.8321757011 13.4591906238 15.8480667710 14.0115806588 13.9059471907 12.9681510026 12.3821856545 15.9879041531 17.1860478764 0.0000269687
18.1411959796 17.3909320135 7.0465015134 12.9485742222 2.4358991872 0.8003380295 4.2522622642 15.0960259390 15.1027918352 11.2121258967 16.1649225238 19.8760842856 19.7818765345 11.5008981778 7.3980822663 0.0000214438
19.3141431570 3.8259979883 7.9000316856 10.1330878481 9.3515816089 17.1152232493 4.2602427762 15.2549323949 12.9383880847 11.9479660019 13.0015126322 17.4723402909 17.4148661995 12.8826664567 10.4119768749 0.0000202233
12.6493904455 17.8090176910 2.1901368201 8.6154160107 2.0813147690 3.4645076888 14.2757601760 15.5514576268 15.7358889854 12.6122669826 18.9042874738 14.6344167881 12.8217776959 10.2793745738 16.8176853803 0.0000298251
1.4408674840 5.2622787702 14.3858047044 5.1637409546 11.7126898071 3.8697777975 4.5815715672 14.2361443228 15.0179180008 18.6506814812 14.3014775668 15.3006704759 13.7987186329 13.9769279967 7.7600704569 0.0000086128
2.7953388780 13.3157717926 0.9560477878 4.1367782577 6.7576618233 15.0933405089 10.5679749251 16.1363010437 14.9661404061 13.0230507168 13.8770450658 15.3132887170 15.2253068455 10.0771101526 12.8349269185 0.0000128677
6.6268233896 11.8057646682 0.6470582199 7.5995669153 11.0057119935 1.8452684053 13.5739985192 17.2179718261 13.8316845273 12.0739686589 16.1310561190 15.2131488786 11.5451103063 12.8043331792 10.5912743682 0.0000149331
19.2166837358 3.1070222580 17.9296476095 10.5709363429 2.3888272740 8.2417013633 6.8222169737 15.4822837764 13.5312132632 17.5089955996 13.1524724967 12.9069127010 15.0665150034 12.7114892071 11.7395457707 0.0000124006
2.1197520369 14.8150145823 2.6382923002 9.2483386113 14.8283165103 6.7275991935 3.5881140996 14.4477048197 13.8441003594 17.5062615778 14.8200878085 13.2400300866 14.4107707521 10.4989232531 18.4411325352 0.0000218148
