9.1318121245 12.2990861529 0.9910782670 5.0127141760 5.4575886600 10.7917749273 12.1068519345 14.9962852698 14.2799179344 13.8582012936 18.1747287569 15.0666914853 11.6912873997 11.8856548574 12.8588452084 0.0009541505
14.3017315321 2.5097090252 3.9928743945 12.7869227866 4.2346839567 13.5254002521 7.8289638093 16.4124940412 15.5669644892 13.5743615179 14.7712302099 14.5141078669 13.1446213277 14.3850221397 9.3976138183 0.0092857750
2.4081248229 6.6627722411 1.8510969389 7.4544859560 7.9978564475 19.5021998563 11.6247059425 17.8596714012 13.2094458015 11.3665235091 13.7600232612 13.9092114491 12.8558879818 15.5391645619 14.7043364870 0.0000483900
4.6931195360 7.1693646628 1.0744769405 5.6544133660 8.0000623374 13.2773229956 11.5103486477 14.6167838147 17.5250707954 15.4651589684 13.3252356818 12.9191967124 12.5041849146 12.6664707907 19.5259553159 0.0000125658
0.5941642863 3.7929523304 4.2635053083 5.6098818843 8.0001779990 15.4173373699 11.5084271429 14.4961023703 16.7508833604 13.6962830166 13.4875219906 12.9207629995 12.6724904567 19.4520431258 10.7475366887 0.0000211020
4.3277897182 3.7818475988 4.2604370466 9.9837699027 3.6364459467 19.6025674268 11.5057840722 15.3175709482 16.3091303517 13.2828752400 12.5094382284 13.8126908674 12.7324541935 15.8068816895 17.4714119661 0.0000202776
13.7865222557 3.8715329936 7.6424832569 12.7863497304 3.0296569751 13.6324302650 7.7652395438 16.3497156905 15.5531703641 13.5642195111 14.7597960973 14.5046585219 11.0805028190 13.2016763724 12.7396816483 0.0097334255
17.3189665359 2.0971997372 3.8641243428 12.7864641776 5.9336165080 4.5680033643 16.1260533303 16.3381316222 15.5878775309 13.5824980389 14.7912841237 14.5317152050 11.0185993465 14.0591857055 10.1495962307 0.0092912250
2.0704510690 7.1843004729 1.0720745047 9.9837608192 3.6641167589 8.9200565699 15.6675425174 16.7944480226 13.4779218554 11.8773249263 18.4123044054 14.5309071324 12.7804400452 12.2789515262 17.6736947376 0.0000138621
2.5122694593 3.8224464191 4.0034765973 9.5807064017 4.0141611613 18.2429951770 17.3286657810 12.6306554781 14.0699518382 13.3114132829 12.8886998400 11.8724881058 18.4780114320 17.8503440367 10.4263412570 0.0007118014
17.8832047675 4.1375477319 4.2012020689 5.6655911314 7.9999672020 14.5007349768 11.4827670026 14.8044472166 14.8490475067 18.7207797590 13.0128958512 14.1443919345 11.1955475283 14.9752910777 10.8084628742 0.0000218297
7.2028309361 3.9118912272 4.2580398274 9.9835195728 3.6372785361 14.8460900805 11.5147585618 16.3853237186 17.6496363140 11.9309369957 13.0530092094 12.9419235223 12.6537326545 16.0033380448 10.5133724967 0.0000204318
14.3697217664 1.6790125728 4.2356579232 9.9836391200 3.7215247291 13.4582130865 11.4265385466 17.3520580269 14.2663281733 15.5356167524 13.7466657093 13.7231386631 13.5308747004 10.6279170032 17.6604495930 0.0000171246
2.6411094577 3.8493610539 6.9105890149 8.4068021282 10.7766731964 13.4991352415 5.8434300474 16.3729077208 15.5672158252 13.5944944522 14.7994214394 14.5273648669 13.5791016780 18.3589037904 6.6378065037 0.0100527324
14.4379477569 4.6163192397 3.6965402333 9.4233777009 7.7349283419 12.4486217905 11.5807868550 14.3185562623 14.1044729213 16.4350927110 18.0712655103 12.6489226377 12.7033605802 11.3117911275 12.9665210113 0.0000713297
10.5749674217 2.4105371379 9.3122456457 5.7066301192 3.6389952528 13.2216748679 11.7876179383 15.8509297001 15.1188212239 13.3141744634 18.8227589265 14.1634837625 11.1697085491 12.7667939357 13.2969445516 0.0009527846
5.3969640996 3.9350744867 3.9987970690 9.5790015077 4.0244633817 14.5539671357 16.8452595522 12.6652827432 12.5165152256 12.4005660073 15.5841241351 13.6438886290 19.0001353776 12.9177842128 12.5970481214 0.0007169422
19.4773034927 3.8172468340 4.2416999185 9.9839862683 3.6516095344 18.5410786203 11.4987767840 15.7205108478 16.7006158243 11.6507362848 13.1734173581 13.9604207690 12.4894996496 17.4318140570 13.0376460361 0.0000178756
4.5529245588 3.7834158909 9.3112887953 6.4370489408 3.2253202681 10.7684357393 12.1246130673 15.0354686430 18.0075808865 14.3996286408 14.9876016821 13.0557080078 12.3279140105 11.1918299587 13.4424115933 0.0009530988
7.4899173792 7.1306163335 1.2713642208 9.9778679568 3.7167304128 9.7386749095 12.2102023179 14.7255031239 14.5154432257 18.2152107942 12.8172191183 16.9833125419 12.1192398166 17.1811147154 7.9015382252 0.0000131403
4.5991746065 3.8805087309 4.1842307014 5.6901818699 8.0147113189 15.7802038713 11.5053233503 19.3327489823 13.8233996664 11.8827199608 13.7958511412 13.5845746008 18.5683859262 15.2727825912 7.7646968942 0.0000122239
16.8613468658 12.2990613279 0.9556566508 7.5862926588 3.0151195531 9.3099698222 19.4048059480 18.1423473876 14.6885391565 12.7540094679 13.1040404592 13.1837300758 11.9374359477 16.4764273363 14.3250445103 0.0009538737
10.8135098285 3.8900755030 3.8439600452 9.2626917662 10.2545720172 13.5456217480 7.0679798611 16.3580812213 15.5693656971 13.5797879196 14.7714792834 14.5402079839 13.6241779793 10.5336031422 14.6685127134 0.0092995133
15.7153301807 0.2975696284 0.2803524462 9.5855653154 7.6092161330 8.9677405048 13.7297690032 16.7952087938 15.3082777434 13.3590887022 19.4587378748 12.6430860734 11.7531578886 16.3797705395 8.1350069838 0.0031644680
17.8239158696 3.7446706976 9.3112859734 5.6164951668 3.7247018753 10.2574230155 12.4461048584 14.7992286899 14.1056598546 12.4135547401 17.4065272138 18.4753581141 17.2232029783 11.7222609788 7.8947049245 0.0009531729
11.1677202985 1.0403536842 4.2624277711 9.9837239413 3.6348629746 8.9214142119 14.2732346396 17.0244793672 15.7598602202 17.3203319005 13.5471124916 12.7668779904 12.5371393794 11.3477964132 12.5932101423 0.0000205096
0.2266744344 3.4223175688 3.8421527537 9.9864671895 4.9349252106 15.1651765820 11.6317279100 13.8493194986 14.5226556549 14.1008313803 15.5150168952 12.3534503883 12.4752666736 14.5180929443 15.1263135409 0.0000390974
15.9388079781 12.2990355498 0.9911223335 7.8200917767 2.9960455189 17.0386102981 11.9467987990 14.6335551610 15.1516482056 14.9523878886 12.9886285170 13.4691322303 16.4095999197 19.2787880878 8.1120302357 0.0009541840
11.4332930068 5.2712370334 3.6404898670 9.9804713931 3.8511556309 10.9991738027 11.7985837138 13.9684565033 13.2316450508 19.6755563385 14.9294408731 15.1845128814 12.7562105398 15.7920189139 7.4040521752 0.0000290610
18.0363595111 3.4853816293 4.0224770105 6.0965828235 10.8055335808 5.3393798320 16.0421951087 16.3230203472 15.5427938697 13.5779488479 14.7564293612 14.7143817513 11.0663821874 13.2455752560 11.4012651315 0.0092659753
14.4903418710 7.1985760534 0.2389301868 5.6279528666 7.9970782057 8.9197688939 18.2187626464 15.1698142094 13.7806621815 11.9151572776 18.7882543958 13.6299448672 12.3099789913 15.0018862567 17.7335194429 0.0000162220
1.1498248995 1.9135501106 4.2537214999 9.9843184544 3.6436483665 9.5717927967 12.2973610581 16.5236214883 13.6005188276 15.2842892272 13.7146166127 15.7060316536 11.8727397355 16.5685616054 8.0786234155 0.0000197018
9.1988167068 7.1968800816 1.0629347650 5.6269711565 8.0002184112 13.2467665120 11.3883272796 15.8100832383 15.1004146361 13.3621637982 18.3026778197 14.1786480368 13.3266044878 10.5775561483 15.6731737947 0.0000154594
10.2988364080 0.4639603851 3.8923774036 9.9930038828 4.5772646702 15.5018310510 11.5872735577 15.6009589108 13.1875630531 18.7599177374 13.1524059844 12.9422145397 12.7489230169 14.5728696787 18.6767232458 0.0000196443
0.5495077814 4.2176853415 3.7520430566 9.9672957811 6.6744808986 12.0481128102 11.5770891896 14.1016355141 18.1391525831 14.3502875762 13.0160818927 14.7798102392 11.9751748434 11.5094991728 16.3586757114 0.0000662720
2.8270285904 6.8292641610 0.2933628543 8.9178540421 10.6022418765 4.5419605334 16.0610857850 16.3666395149 15.5990882942 13.6132786648 14.7849317042 14.5336855626 17.4276728836 11.5332696447 9.1595682818 0.0093106305
12.9602234737 7.1494319266 1.1861446765 9.9910513793 3.6990313138 10.4828015099 11.7995197025 14.3255104975 18.3999549680 12.4893695774 13.3460187807 17.8254952006 17.0216339746 11.6928698497 8.0105911581 0.0000123950
5.3893533448 6.6552457579 1.7808996549 9.9814934198 6.3914570342 10.7088627592 11.8227765197 14.4849379080 13.6467218666 18.2965494438 17.8359435436 12.6010331145 14.9677578507 11.3937349167 8.9797231365 0.0000649073
7.3150734059 3.8160019629 4.2159103584 5.6562897969 7.9956644576 8.9431152410 18.8567594781 14.5599941135 14.2024795502 12.1685435801 13.1995483707 18.7913754855 16.5439776676 12.2438095495 11.5899499989 0.0000163021
11.6720615096 9.3812540851 1.0883922513 5.0347524181 10.8027545543 5.6301265091 16.0918819765 16.3608045365 15.6023153055 13.5935154661 14.7797065067 14.5316819372 17.8019489212 10.4860350001 9.1898607858 0.0096587265
4.6509557542 4.2047394783 3.8214537780 9.9827144020 5.0784930358 8.9094079389 18.9904171519 16.5240458400 14.9031344372 12.1168250605 12.6626515176 14.9900707132 19.3171987015 11.1229606862 18.9558741294 0.0000670463
0.6589621729 7.0753209388 1.5355874263 5.7147371971 7.9979948989 9.0374331855 17.3049317616 16.1062109937 13.3115194561 18.9065037093 13.4477109569 12.2224745169 13.1392108667 13.6398784683 15.6005249978 0.0000183387
7.3488976729 3.7889971247 4.2530744664 5.6201045735 8.0001575077 8.8803401574 19.3017244439 14.4118893011 14.6450184948 12.5904023229 14.8281826295 15.1079302792 17.0357999429 11.3557388467 13.9730215210 0.0000195553
11.1015367649 3.8708056946 4.2639681880 5.6092509568 8.0001494976 9.2832096719 12.6587215468 16.0805737551 18.0996577991 13.5631666540 12.9358187859 14.9701858465 11.6687587615 16.2166551265 8.1893085982 0.0000210450
12.0994813538 3.8031127533 3.7936082927 8.5138956095 7.9924176071 9.5197185814 12.3506319163 16.2579618646 17.0746557844 14.3614232975 14.6624351222 12.4187133870 19.2678532295 11.5081287267 7.6523949162 0.0000560233
3.6422584080 6.9375032346 1.1224372217 6.1835845471 7.9988354380 17.3409387777 11.5582792079 15.7504688092 14.2776312807 11.9147020282 16.6094361350 12.2708685157 11.4877785905 17.9646152723 12.3241787913 0.0000311623
4.2590905340 7.0130963626 1.1729473938 5.9148551331 8.0001063963 12.1943054580 11.4042660715 16.1427566136 15.3904700329 13.5214856244 16.6749210329 14.4036512780 10.4943561917 13.4691278913 9.7598453772 0.0000150464
3.1093150969 3.5853023629 6.4751642838 9.9836227895 3.0027901598 13.5860453872 11.5080972007 17.0364271693 16.6470546884 12.5173973697 12.3858439920 14.5215077262 13.3679789390 12.3386345725 15.2901672042 0.0004041755
1.7563208156 3.7796817965 4.2487662427 5.6236371365 8.0076558880 10.0578982571 11.9450760685 19.1385284976 13.7799817108 12.4908606935 18.2935819155 12.9650832599 12.4118157752 15.3571532102 8.3867144654 0.0000191916
8.5896589707 0.3290797263 3.8295971477 10.8892281100 8.3002674461 13.4695669416 7.1667705971 16.2973861678 15.5115534710 13.5416786391 14.7220316278 14.8188067990 11.0484496891 14.5023756581 9.7422236075 0.0093058716
7.4645573131 3.3729973956 9.3112690304 5.4365465486 3.9602173331 15.4550890668 11.9656990090 14.3282933220 14.5301607931 12.2135883822 13.7867435667 19.4021907217 12.9166004370 16.6128600914 10.6696561680 0.0009528691
14.5336629905 3.7490897373 4.2554930719 5.6165227290 7.9998457962 15.6891039644 11.4813684132 15.2121474719 14.1810645337 11.8706763273 16.6578754261 14.1061834642 15.7234873389 11.5929744453 15.1291801023 0.0000198361
6.4705397478 4.1528195485 4.1456940003 5.7276609650 7.9969395924 9.0488954948 17.3437989288 15.0166563351 15.3471231887 16.9658581726 13.3070207842 11.7551500162 15.7680548548 14.1946835087 8.6166114933 0.0000209594
9.9035557634 0.5550571801 7.3218633670 5.0957730036 10.8035170134 13.6148653848 7.2182469066 16.3382083034 15.5526511999 13.5786953319 14.7628030509 14.5153670355 13.7670513555 12.5350775028 10.8560542425 0.0097508532
19.2318884628 3.7994482969 9.3113053065 4.9877986065 5.7388840559 12.1291359619 11.8890483530 15.3017825400 17.3555992296 12.5932554374 13.5636881534 19.9672872303 12.3136630632 18.3529084607 7.3690342925 0.0009530778
4.0914256792 7.1489198667 0.9429093057 9.9907982331 3.9165028762 12.2810226948 11.5355092149 17.0402449797 13.9811280415 11.3335647302 15.4728454287 16.0810836350 14.2578286471 11.8683527748 9.5015526429 0.0000099682
15.1527785281 7.2009825788 0.9812736633 9.9837526815 3.6492931150 8.8894813790 17.4116275298 15.6511451435 15.4866824515 11.3855357535 14.0745710796 15.7496470095 14.8744839216 11.4801041332 19.6650092459 0.0000154695
5.3971869069 7.1969437143 1.0886222282 9.9837480689 3.6502383555 16.9793567613 11.5011401820 14.4018925260 16.6536075428 12.5092293016 14.5583053921 13.0838682499 12.3761022570 16.0376483850 17.9688325537 0.0000153069
14.8103017520 1.3786928176 3.9938490159 6.0225626815 7.9997191078 17.4781869353 11.7114517175 14.2425795448 14.6043459976 16.0728019493 12.7338010061 12.1138699676 14.2012573528 13.3535444965 16.3063164099 0.0000268285
10.3912418344 12.2990989383 0.6600953095 5.2840931193 4.2531066961 10.0964414799 12.3360601411 16.5296452615 15.7355267742 13.8082837934 14.9396823478 14.6893455073 13.9443129409 4.9487853394 9.8505471208 0.0152140912
18.6444497473 1.3567272701 3.8537929190 8.0900734588 10.8625490755 4.6067478364 15.6915649199 16.0069370147 15.2028822744 19.3726062544 14.3986762938 14.1458891802 11.2770591371 16.8631986530 8.8105067041 0.0094214890
0.4524847207 6.9508369493 1.1145251261 6.3725492591 10.8546165088 13.1886548735 7.7138695967 16.0315563754 15.2289818339 13.2274840023 14.4258428170 17.3098897852 13.2485316944 10.5665695677 17.5543929991 0.0093727639
14.6623953477 3.8237924422 4.2374572023 5.6345626928 8.0077310795 11.0480589285 11.6137101301 14.8982154872 14.1111526262 18.3214214117 13.3612961747 17.1853785726 12.1406933636 11.5864118518 13.9091842503 0.0000191994
0.3632179353 3.8168302935 4.2452764107 5.6269439544 8.0001747627 8.9464246389 18.6758093232 19.5065186820 13.4879076367 12.6015254695 13.4478375717 13.0508078510 14.4724271779 13.4850507648 10.8186974488 0.0000188200
17.9145372112 1.3294029333 3.9750573502 10.0410263101 4.1040558208 8.7385662465 15.8306303921 16.0056417293 15.2809470996 13.4817145659 16.1941613641 14.3305962589 13.5149214702 15.7922395599 6.7669372392 0.0000051341
19.1329570175 1.8884645119 3.7645821887 8.4089483918 7.9959106399 8.8035091311 15.2444684325 19.7405876962 15.4426301892 13.5300433661 14.5181720583 13.7910916244 10.8759539797 12.4339177676 12.0200165148 0.0000559336
18.8712335858 7.1574959153 1.0822333722 9.9828576030 3.6992009590 9.9069081028 12.0548570677 15.5503271990 13.9224288543 16.6070413154 17.1972570128 12.7320297524 12.4764952667 16.4643822401 7.8932169485 0.0000146439
10.8901888123 6.9791857627 1.2779556333 9.5807585694 4.0156605610 15.8756539226 17.0063106397 14.3053816452 12.8607483957 9.8054939976 14.3703466008 14.2620241348 14.5831702578 17.4709779180 11.3989080271 0.0007116409
15.1255192319 7.1440922443 1.2059300246 9.9803620576 3.7054520639 15.8541222598 11.5393879848 14.4335339814 13.8249813692 17.3851268020 13.8436997500 13.1203422076 16.1951835426 11.8179683229 12.3926619299 0.0000131543
14.7301454663 3.8633825097 4.2359853995 5.6360822699 8.0000721724 17.1767224543 11.4801707851 14.2722767781 14.6315785711 12.9266284217 14.7804989276 14.9071239366 18.9156195143 19.6422236926 7.4138323911 0.0000229549
16.8480358471 1.2153316388 3.9767568482 12.7869884916 4.3240669562 13.4767783747 7.7707851520 16.3876381227 15.5834795768 13.5973722914 14.7986128443 14.5207832295 17.0682530841 13.0395685158 7.6164850699 0.0092764290
15.9527144170 7.2006804688 1.0304477959 9.9845517154 3.6484915191 11.7208829822 11.5024233925 18.2595271868 14.5623047235 11.9568669943 13.9149099500 18.5350847739 13.2665977590 11.0688418715 10.7941098321 0.0000155620
13.3569514741 6.6739911300 2.4995064883 5.8335276636 8.0185928237 18.5671314084 11.3690099458 15.9194833013 15.1549435608 13.2537697228 14.3912526986 14.1513840937 9.6914672781 19.4086354485 13.2462185378 0.0002765109
7.9095062609 2.6077780657 4.0328155968 9.9835815007 3.9400206027 8.8872537135 14.1044811434 15.0039738537 15.7200953067 13.3511537200 16.2539689106 15.1136481144 11.9831005996 10.1996412701 13.6809097646 0.0000183920
5.3515680493 6.9192737003 1.8757522754 9.9815795643 3.8021298682 8.9701799414 15.9831751535 16.5294817932 15.6419581828 11.4546685424 12.5755034711 17.5220154307 11.3827508192 12.9524760054 12.9622140417 0.0000233005
7.2109641508 11.2057274102 3.7606765157 0.2107011814 8.0066630320 8.9231564187 13.5774756041 16.4813342414 15.2359585640 13.4966268789 14.5353115384 16.3878021583 11.1992226971 11.8382839450 13.0669373171 0.0106194403
12.9643720207 4.3882076537 3.8845380596 6.7586424449 8.0034000610 9.4752980967 12.6352359897 14.3119696387 14.5318082145 16.1471556476 18.8998454254 12.3855768364 16.8508918155 11.2152457529 8.1719718732 0.0000345614
16.4679030785 1.6739687488 4.2525815850 9.9766478958 3.6440964723 8.9152698408 15.0870401498 18.4961430470 13.8487504874 19.7780273128 13.5636593444 12.9489785487 19.7516849435 11.7992749617 7.9916618843 0.0000200228
3.1317053722 3.8587690929 9.3113086278 7.1171807348 3.0709557824 9.1718778950 15.9898704808 16.3865342745 15.5938244708 13.6026917397 14.8301762198 14.5444160033 5.4646918096 12.9950187559 12.7978978279 0.0152660458
13.2240632729 4.0723322958 3.8529850792 8.0204581493 10.8024919295 13.4935891956 7.2009976787 16.3644954416 15.5730798558 13.5810480745 14.8310630775 14.5208626646 16.8817200163 10.4858931519 9.2519163263 0.0092923162
1.0777228321 5.0713180380 3.5770718375 9.9800628139 5.1902779196 9.0641939979 17.4037416695 18.2038952805 13.4156520936 11.5254196875 12.5865356712 14.6638152806 12.9644629079 14.6692463517 10.8659400174 0.0000469639
8.9788983929 6.8452801144 0.0016788226 7.9510125406 10.8054086501 13.2717739665 7.2128129808 16.4091804863 15.6595705498 13.6274838068 14.8209392706 14.5696601103 5.5126522316 13.9678625377 9.9344927246 0.0235758839
16.4461097309 2.9626639300 4.2512298545 5.6215501174 8.0003289314 13.2096729499 11.5034328742 14.3864365669 14.7811935043 17.4336223515 13.2057539485 15.5457586505 13.3065263103 12.1037669986 11.9758113288 0.0000192153
18.6875781961 3.9271134478 7.9204712982 12.7814835907 3.0070875825 5.3860232477 16.0277969886 16.3879424885 15.6041706557 13.6056066087 14.7897311183 14.5422988634 13.5016697182 19.8734203613 6.7196401131 0.0097398330
7.1879871144 1.6531732648 8.6865978151 0.0424114276 7.9819877245 13.8246079320 11.3924329868 15.6146627148 14.7619167981 18.0790383963 14.1189613466 14.2942535552 11.2183866409 13.3147052552 19.3563013174 0.0137372382
12.5500697544 7.1866678687 0.2728251544 5.6413821236 8.0136053864 15.9204309166 11.5242614142 14.5673332463 14.9556426771 16.0315805774 13.1156117792 12.9588305245 13.1855638058 14.6802777112 11.7600511940 0.0000143062
3.3737639119 7.1941138121 1.0842432179 5.6272802976 8.0000477056 14.7387778029 11.5534418553 16.4525820293 13.5675935891 12.0557584326 12.9210364910 16.6305442000 13.8545258477 15.4864940382 9.3730578095 0.0000162637
17.2156925738 6.0010070827 2.8110935045 7.8670078367 10.8029864987 13.5200195731 7.2212052240 16.3581837992 15.5665165706 13.5788048763 14.8222642748 14.5190270541 13.6985960818 10.4635864785 12.4668910510 0.0092905908
14.4300030428 3.8182154930 4.2312840369 5.6406295704 7.9961162433 8.9169854056 18.6417710329 14.7820370715 18.0923968592 12.1052879878 13.0325861841 13.8113305770 12.5027828212 16.4551150204 11.7555176550 0.0000173376
16.6217535956 6.8466124251 1.8286354511 9.9826851063 4.0631738084 8.9032071211 16.4625047487 18.4633361076 13.6043346564 14.3144112130 13.6275565123 13.1625994775 13.9534270757 10.3761939241 15.1073388379 0.0000200344
3.7787828316 6.7655558647 0.8267451176 7.9318892390 7.9990239207 15.9254454007 11.4866467746 16.7422186408 14.5935969909 11.6244162940 13.4361647004 15.0592671528 16.2074627010 17.7508135894 7.2498956031 0.0000490960
2.5509125648 1.0138085983 3.9353788721 9.9829320895 4.6870749028 15.0702244200 11.5273948157 15.8065829858 14.6407328104 11.6788007957 18.1822946145 12.6329937765 18.2385133279 11.3861926193 10.7706214021 0.0000206312
2.7367075778 3.7994346084 9.3112769852 6.0332019179 3.3994076220 14.4169218038 11.9534097867 14.2762078353 15.1803205330 12.9809459351 19.7383218130 12.9480613793 16.9763954852 13.7992449720 8.3323686847 0.0009531040
1.6018024838 1.6124601264 4.2527439221 9.9837988332 3.6436083640 13.0782049584 11.4820532362 15.3827329803 16.5467649483 11.4078919040 16.0153593580 14.5961564911 18.1601607689 11.5744605410 8.7447675333 0.0000191992
11.9355673369 3.3873929028 9.3112435392 6.5625323690 3.1872604240 17.3228192277 11.9040764084 14.5364275002 16.1306590373 13.1668623159 13.2947016152 14.2990921777 11.8126034808 18.1849140278 19.3896496256 0.0009567677
12.1413662254 6.2543408636 2.6636143973 5.9620100667 8.0342629299 16.1347434573 11.5697330659 14.2565897873 13.2026288592 15.2362465435 14.1739329666 13.7183018514 16.2187055830 11.6523990039 18.3951810690 0.0000157947
2.5580207540 3.8005672356 5.3698124308 11.6567801038 7.7022673948 13.4889141344 5.9547506453 16.3280045337 15.5494798395 13.5997970671 14.7686705642 14.6292328237 17.3074567277 10.5243314860 9.2082168779 0.0097817225
1.0762516347 4.8787958339 3.8183318115 6.1021214673 8.0031635367 16.5336294140 11.5938697374 14.1064698816 14.0990078103 16.9982243092 13.2917547890 13.0440865724 18.7116337163 11.3567872283 15.2500091896 0.0000407260
0.7710410717 3.8215724239 4.2585891527 9.9837550283 3.6375389424 9.6965485574 12.2201043942 15.0958086186 13.4221112686 14.1262337924 17.2669501382 14.9719649158 12.5541819643 12.0126518421 11.7601096960 0.0000200977
6.8843429439 7.1936671955 1.0824395321 9.9838192163 3.6550850390 8.7952097972 15.7413741115 15.7977438502 15.1528898718 17.2919935536 14.4943993414 14.2898613150 13.2235818387 10.6347418368 18.3901093982 0.0000148549
5.1350070881 6.7511019364 1.0891466431 9.9187145137 6.9962028304 11.7544151104 11.5855415270 14.3095211601 17.6213209154 13.5669445158 12.8810268958 15.8917601566 12.2097600093 12.1188948484 11.9616628479 0.0000607376
10.0942138735 7.1670940749 1.2130097327 5.6518976671 8.0001018360 8.9144731118 16.5890709735 14.3365429759 15.0889830220 13.6088754893 13.0760829504 17.5769570233 14.0440848946 11.6315144216 18.2292550347 0.0000135711
3.6294741200 12.2990461246 0.9908164754 5.5240979942 3.8327687706 9.3503233995 18.2309425776 17.5556927952 13.7777225277 12.4840336382 13.0194413010 14.5259371334 17.4411677298 11.9512842718 11.1966715318 0.0009541685
18.4208436403 6.3252295692 2.5817630977 10.0507771074 4.0033817720 16.4211072301 11.3400680022 15.5918026124 14.8710187309 14.2587683108 14.1509665556 13.9249831479 10.9993721746 18.2825786860 12.0421329765 0.0000092491
2.9459197517 7.0775382516 1.1416495625 5.7823895446 7.9962735916 8.9253721287 18.4434385412 15.0640431440 13.7132788058 18.9159601969 13.4370102354 13.2334139701 11.4472785605 16.5824221788 12.2743917438 0.0000197811
11.4431176792 6.8768970468 0.0810181984 6.5356743742 7.9996577076 8.7781583231 15.9390921481 16.3532862170 15.5663959001 13.6865398623 14.8218158369 14.5779276273 13.6878931512 15.4334411291 6.1213407169 0.0000217459
2.3542728120 3.7798981958 9.3112522558 5.0083374388 5.5086348112 19.2537227700 11.9791916675 14.8243956924 13.4378703656 15.0685573810 14.1174134745 13.5283664018 14.2745907814 13.3369055037 15.8140303936 0.0009530798
16.1370300103 3.7989503570 9.3112801050 5.1076874115 4.8362399352 9.7594452579 12.9243338007 14.9414711090 17.5757579003 12.0623727007 17.8694548404 13.8764550224 11.8186296178 15.7400847023 8.3415884950 0.0009531102
14.1703985745 1.7981803801 4.1996336592 5.6739551231 8.0106780615 9.0978731311 13.3833007719 18.7318108438 13.7401833433 16.7276426193 13.9714783295 12.9613174467 12.0788177750 11.5133368232 18.4631761262 0.0000167906
9.3997962043 3.7823637326 4.3114755197 5.5684179493 8.0001989771 8.9106908928 14.1823340937 14.6200110486 16.1957860210 15.6074131092 15.0160533605 13.8952381053 19.1102306093 11.3857433952 7.6532045893 0.0000291146
8.3213107706 3.7993597819 9.3112599403 5.0061933092 5.5298547737 18.7884718071 11.9651048216 14.6275040047 16.9968847354 12.0406084215 13.1353854138 14.0837774047 12.9640357585 15.2750302526 13.9841888533 0.0009531371
12.0821910568 2.8906496410 4.2321705018 5.6404365127 8.0176277681 16.2996113241 11.5295908179 15.0488980681 13.8687380379 17.5748143155 13.3440031523 12.9523960416 13.3538493590 14.1745896352 16.1518661752 0.0000174622
1.0054251098 4.0465174586 3.9972602769 7.7288911368 4.1991223358 12.3232076402 12.0514372438 18.0594274893 14.1813853313 14.9213759556 13.4372464565 14.5560003199 12.4137390734 11.0786168747 18.2773157527 0.0006134874
7.7476173754 8.3486729930 1.0581441391 12.8468953856 3.1976627459 18.7415357756 8.0663194583 15.9746151725 15.1824077563 13.2089530689 14.3901243419 14.1411537188 12.8895427274 15.3012793285 17.4088171769 0.0096548515
1.0292841272 3.9043927838 7.6116716001 4.9968451665 10.8390430684 12.6015015151 7.9698133926 16.5171632938 15.7515499210 13.7333956898 14.9240637400 14.6694304515 11.5244210770 11.1828592303 17.3295363558 0.0098453882
17.7095162335 4.0279542153 4.2222752324 5.6470306037 7.9981474278 8.9767139828 18.7893403919 14.3429305942 14.1630655300 12.3498552386 13.0170355101 18.7144917377 17.4362594684 15.8236335737 7.9165766292 0.0000219464
17.7651031286 6.9880519988 1.0659727608 5.9982087527 7.5967068555 14.5680544584 17.9583349357 13.4622309237 13.5054187492 11.4192167274 15.0813477037 11.0472543668 17.0117456386 13.6352469232 17.5985736071 0.0007128812
13.3366269676 6.7307400452 2.0710699670 6.3805786083 5.1510482622 9.8713067506 13.4049083403 18.3219711402 14.8545952626 12.0533846935 19.1798159744 12.4431438126 14.2591237491 13.3081738818 7.9112700341 0.0006135068
4.5651178602 12.2990717990 0.9909383419 5.0425188729 5.2121276719 15.5923766920 11.9524107597 14.6138025074 16.7194262918 11.8350437703 13.4416226200 14.6185254716 17.6404966681 14.6782116284 8.3839864474 0.0009541510
0.9635470758 3.8643712512 4.2536477257 9.9833487554 3.6419939310 17.1233291948 11.5460682478 14.8012422071 16.9311818368 13.0113669439 12.4606441362 13.7105625659 16.2874044905 12.0211464380 19.8832226202 0.0000212386
10.3994714958 7.1926023369 0.2565329874 9.9836877321 3.6549504049 8.8841099613 14.4294022750 16.0075310657 14.0902582847 15.0575734462 13.8419012364 16.9094585788 11.9213225042 18.6908249622 7.6538902304 0.0000153204
10.2887832247 4.7327113039 3.9034790673 5.9945695117 8.0350329168 9.9911064121 11.9922945739 15.2165248914 13.1383723244 14.2434838118 14.8864886498 18.5633223394 11.3194157860 11.7698463267 14.8749785160 0.0000234473
15.6539059426 6.9410864837 1.5215385171 12.7868094638 4.1914449395 13.5154251573 8.0244532654 16.3644934793 15.5754444446 13.5869410029 14.7766581116 14.5459573168 13.9666191068 10.4486364902 11.1900983860 0.0092626506
11.6993888029 7.2002457618 0.9751226636 9.9837872225 3.6507477321 13.4354445232 11.5002371973 14.0000755744 15.3211513341 13.2183604637 19.5303524570 14.2450667668 12.4149745586 12.8580153358 19.9259618433 0.0000156970
10.3141173028 6.1205967531 2.8639462630 9.9892994932 3.7491762224 15.5398332348 11.6126103939 15.0898676241 13.5694915968 12.7812118232 18.8743631453 12.1663290133 15.7253157073 14.7651502561 8.7245013878 0.0000139444
6.3546322151 2.3717245984 5.6167236632 12.7871149567 3.2277966081 13.5940603780 7.3893882666 16.3324664003 15.5513795744 13.5917000519 14.7658451041 14.5370302184 13.6767186040 18.2035576429 6.6503196356 0.0095655699
3.9044715045 4.9881852848 3.6536778610 8.1307193928 10.8010921877 4.6050565368 16.0807545803 16.3665892049 15.5743176346 13.5860611904 14.7771165298 14.5733298983 11.0494522050 12.9688994049 17.4718483569 0.0092933155
15.2410019206 5.9727547332 2.9269664685 9.9757537155 4.1121593434 9.0884011467 15.5901605852 17.9925767104 13.5574107005 19.6683838027 12.6455808696 12.1884823341 18.2629680316 12.1846687798 8.4011727169 0.0000259314
17.4497789335 7.2799153000 1.0804094490 5.5488706080 8.0002635489 18.8570730833 11.3910018155 15.7098438981 15.0597076515 13.4425851442 14.4064170382 14.2025771298 13.2184137937 17.3112527297 10.9358852781 0.0000426460
18.2533065085 6.7947452625 0.7778932128 9.9857563384 5.4996142920 17.1661503546 11.5378528679 14.7300249801 17.8933872591 11.8009791001 13.1719132784 13.6270921813 11.5668570512 17.3770508654 19.2864169935 0.0000500892
2.8744868166 7.1583008609 1.0700258230 5.6679688122 7.9999719383 14.6444976534 11.5420914870 14.1699627451 14.1612061242 15.2582484373 13.2895325977 14.7804668386 12.9520524131 13.7451568200 15.9331564248 0.0000126776
14.4880665483 3.8516616104 4.2343357357 9.9858707000 3.6605789987 15.6341080228 11.4981113730 14.6066979606 14.0635290298 15.3742056177 14.4590343251 13.2520733448 12.1533307587 15.7279845803 12.0482713931 0.0000171628
5.9757380995 3.8908773349 4.2547341758 9.9836818008 3.6410479462 10.6926381890 11.7117724598 15.5289048892 16.2923203835 17.7428636230 14.7353893586 12.2545368857 16.1564173565 11.7417513265 8.3248363953 0.0000197318
17.2445418890 7.1772767580 1.2483212431 5.6384286140 7.9998213390 8.9122177435 15.3807604404 16.6389664553 16.0836385838 11.6589635330 12.9914939258 17.1588956802 12.8821144472 11.1508371982 14.8063949190 0.0000167786
11.8264523414 3.8627748820 4.2253514002 9.9929776581 3.6698753679 12.2430249619 11.5208209139 14.5052353737 19.3120313782 12.2446470685 17.1829732474 13.4018954557 12.8065794090 11.5274163703 11.9384815257 0.0000164954
14.2772131287 3.8287505185 6.9839445941 12.8233370672 3.1899566417 4.4647886093 15.1946545666 16.4781967196 15.7188681429 13.7582253732 14.9276006609 14.7201389382 11.5839546196 11.1468922242 17.4066325998 0.0098343993
13.3179741916 3.8290161303 6.4210495895 4.9898692540 8.0000203649 8.7951378886 15.7275595712 15.8676969153 15.1440266305 13.3609679081 14.4250174226 18.4757834737 18.1130088823 12.6639799803 6.7395056447 0.0003996901
11.9996622244 12.2990347729 0.9908084205 7.6823010784 3.0065617758 9.3319519304 14.9701972993 14.5661228060 14.1557648694 15.1613411085 14.4150960559 16.9809359464 12.3327769817 11.6540858525 19.5726653809 0.0009542434
11.9711188097 6.4046905220 2.2593874766 8.2401826126 7.9974913295 18.8462583097 11.5507898958 15.7849535360 15.9696832509 11.0016070864 13.6708154119 14.5082519137 18.4991596301 11.8396147271 12.8417041272 0.0000549711
9.2798193689 3.7988712663 9.3112646846 5.1084025436 4.8331220635 15.6883639527 11.9504721344 14.7023313874 13.9292112616 14.2794559159 13.2174061912 14.9464810070 17.3554680248 15.0408560101 8.1694079189 0.0009531412
9.0781787279 4.1340333169 4.2397379894 5.6253840945 8.0071834832 8.9010368003 18.3594656582 15.0391044737 14.2506478099 18.9849115291 13.4717310657 13.2233736979 11.5931514714 15.7204835276 12.5360959544 0.0000213254
15.1689140464 3.7948345984 4.2619091426 5.6112591002 8.0005455762 16.5387231487 11.4643775990 17.8833732070 14.4279788572 13.1173167686 13.3090803027 13.1634401321 19.7422861218 16.0640358370 7.5378003978 0.0000207816
16.8954448618 1.0149167022 4.0000007073 7.3893045048 4.2933859743 10.4761357423 12.4928772579 15.4347491835 15.6127662312 19.8433109814 13.0094395766 15.1506064360 11.9651765496 11.4396212240 19.9710028388 0.0006139392
7.9985518316 0.3883053424 4.0037556572 9.5799979995 4.0146609193 15.1155457376 16.9867479251 12.5137594092 14.3980349627 11.5452231674 15.2665601993 12.2182935730 17.6907439142 18.2488717980 9.5024155016 0.0007139374
15.6819434717 2.4201694907 6.9352307087 9.9836373359 2.9767659419 8.9221810590 16.5778289108 19.0930235996 15.0727519755 11.7526164536 14.9031009800 12.4863622597 13.4673684068 19.1762352539 8.8833330832 0.0004374762
15.4372629915 6.9734930944 1.3166820431 9.9836513702 4.0165996215 10.8747246147 11.5471439899 16.0266871099 15.2882277683 13.4572807709 14.5518420969 19.3393161133 13.9160896377 9.9351013185 9.8670070899 0.0000140809
13.5791253641 7.1978806899 1.0694704580 9.9838252627 3.6505100235 11.9304677388 11.4823703864 15.6458554687 15.9092657567 13.8834334551 12.9772659284 17.7561549235 11.8978591261 11.4286753458 15.9903746991 0.0000156727
7.7532849850 3.8540744213 7.7931285355 4.9940404069 10.8399081725 5.3686248464 15.1749284398 16.4900055591 15.7649902837 13.7396401920 14.9230794326 14.6904335101 12.1050031444 10.8931027919 13.7529230503 0.0098584595
4.4654235415 3.1727439542 4.1840035790 9.9826873629 3.7111527960 19.3418464162 11.5463856845 14.7109724367 16.9974582509 11.4495244837 14.2983576873 13.1644890104 15.4881684989 15.0532659490 9.1024525935 0.0000125607
16.1367153078 4.2113218715 4.1798893190 5.6842293980 7.9988510711 8.9794408909 17.3487181709 14.0906590650 13.9746199151 11.9786431923 16.1402953147 14.9060042432 11.8141582169 17.3562968015 10.4770112671 0.0000234422
10.1655862501 5.6307439185 3.2677601361 6.0614239674 7.5940709096 14.0372243531 17.1744590637 16.2419688596 12.6667790249 13.4183689534 14.4841150532 10.6688992699 17.8442375993 12.6573379895 17.9744088143 0.0007205218
16.9238675200 3.8101614582 4.2635382151 9.9837299855 3.6336010625 12.2433599192 11.4921400591 14.2185028726 15.5600146907 13.6822339118 17.2307666139 14.5471740421 18.4329133279 11.7519075525 7.7706813860 0.0000207754
3.9443460840 3.3764127342 6.8572349034 9.9836606764 2.9804736606 13.2462932823 11.3878649711 15.8723020609 15.1488603069 17.2695444741 14.4301121055 14.2051455642 13.3278698380 10.5709385943 15.3225706576 0.0004327261
5.6478923574 5.0287795788 3.7908857094 5.9061788122 7.9965366626 9.0398700686 18.3855551322 14.6797846291 17.0484626349 11.7825539269 12.2834190719 14.3840127177 11.8402417836 16.3145449787 11.9488054545 0.0000257472
0.7324756525 7.0069187992 0.0478227303 9.9959800109 3.9635679841 8.7844323991 19.1136484757 15.8893046497 15.1523226598 13.3283951221 14.4182656456 14.1880213660 11.1615685060 19.3088999279 18.9259872280 0.0000304154
14.1544881799 9.1071661147 1.2101503304 5.0092337438 8.0000376080 15.8081752055 11.4795844114 14.3768114533 15.2398074135 12.2441435702 15.4302703545 14.3764436627 15.8359613669 11.5235862624 18.3970006217 0.0003731008
19.6396971138 3.8530559339 4.2535783894 9.9836230879 3.6420372864 8.9239920878 16.2415191007 17.6807644581 16.9701246194 12.7703888887 13.0867215300 12.4255465978 13.5773388574 12.0783590040 19.5535403084 0.0000198030
1.8350926470 3.9165904114 6.0077612714 5.0271778772 8.0000317026 13.5232785225 11.3708438321 16.3521422840 15.5732801122 13.6030815849 14.7778065875 14.5263559737 13.6229341451 4.7508946235 16.6422845894 0.0146734095
13.2132413693 6.8793072366 0.3193371141 12.7925028585 5.1389647005 13.9700404506 7.3883282538 16.2731587523 15.4835083832 13.5038538588 14.6907230641 14.4409326937 11.0771419305 13.4569592501 18.3143993405 0.0092891472
3.9091198505 6.7569994882 1.3546210760 9.9822744627 5.7804134818 17.0046296215 11.5525625709 14.8658447319 13.5968503575 14.0925542011 12.9047387485 14.8908514578 11.8187372027 17.6222617583 12.5862179666 0.0000544165
8.1831601349 6.9967116802 1.1481775069 5.9589845374 7.9986367299 9.0839243507 19.5829613514 14.7760608194 13.4355287116 16.9952119478 12.7575659115 12.5913878140 18.3459841616 18.5264378464 7.7599597005 0.0000397483
11.7443568394 3.9551285168 4.2324954414 5.6382520911 8.0001122619 9.1956418295 12.8539185062 15.6562701833 13.8352174532 13.2794816391 16.4196211273 16.2657764335 12.0550057210 11.2741896529 13.0495506039 0.0000212395
10.9824469947 6.9838699810 1.1090135046 6.0002153301 8.0000006088 10.8682461136 11.5351161026 16.5597174732 15.7385842359 13.7663775092 14.9429022166 14.6937259151 5.4619261147 13.1244799098 10.1364941818 0.0142680069
3.5403645636 5.1382599806 3.6903537285 6.9339291674 4.5103103816 9.5382533464 18.6173142538 14.9292807227 14.1735856627 18.2374402446 13.3842105665 13.1399176114 15.9375778091 11.7306652631 18.5668924670 0.0006137068
19.6268383110 3.8567267895 4.0507733682 6.1057352330 10.8408598255 4.9746122160 15.1987184552 16.4678672154 15.6933521830 13.7524864327 14.9948500465 14.6741956423 12.2655741041 17.9286897847 7.0823415821 0.0093790219
12.8958992803 6.7105453336 1.8673971208 9.9798223922 4.7858914442 9.0709573623 17.0391010909 13.9600391112 16.0312129680 15.2871670881 12.8071107457 12.5147990388 19.7525523463 13.8226607634 8.1214684094 0.0000397152
9.6504097882 3.7667317182 3.9997367406 9.5812434107 4.0242800009 13.5337386941 16.8934040056 13.1514232043 12.1806546281 11.3373454170 13.7552680449 18.6481388861 17.1927786425 13.5763525425 9.4606547167 0.0007100936
8.0775311783 1.9801833949 9.3112718452 5.2196552968 4.4221733840 9.9922766720 12.5894804787 15.4379674157 13.9500087710 12.8770555197 19.4963077079 16.0662381019 19.4916304797 11.4336310736 7.6106255319 0.0009530333
11.2035853964 2.6142228325 3.7553699676 9.9245684504 6.9660771962 8.9573314099 18.8242067421 14.5320944602 19.6121332160 12.3088074391 13.3858334610 12.8190290262 11.9956514194 15.8522899552 14.6547226634 0.0000641065
3.1768515763 3.7855415572 9.3112613581 4.9866099224 5.7539104593 9.4959583168 13.9146099400 19.1387884643 13.9280574541 18.9815444422 13.2526803953 13.0002100632 12.4274602937 12.7629463883 10.5273086861 0.0009530728
18.2388427421 4.1999080468 4.1997076827 5.6638140104 8.0159450971 18.6788547527 11.4779362867 15.3093935693 17.6289101988 12.3565003954 13.3098425396 13.1871853105 18.9487518811 11.4630711439 16.7495818476 0.0000144754
0.2668939320 6.4748176609 2.4049702979 6.0255022873 7.9966143334 10.3978856538 11.8305242855 18.3444366936 13.4608263767 12.6062385665 19.4004235951 13.5192681772 11.6206644175 18.2673372898 7.6678720417 0.0000088892
2.7682126931 12.2990603597 0.9880471652 5.3346151008 4.1398996552 15.6587448980 11.9634556351 14.4718564030 14.6556178682 16.5962111721 13.8477231960 12.8532367632 17.5452049423 12.5030929916 10.5380831865 0.0009541313
4.8452925386 3.9855938655 4.2405575280 9.9835475664 3.6531856778 10.0384134886 11.9540576252 17.7960612614 13.7630940683 14.0538771524 13.0839982056 15.5787686570 12.1184814367 19.0805325207 7.6706117489 0.0000201572
7.6276201798 6.9904797725 0.2036211579 6.2059502477 10.8604903401 17.0583962870 7.7113214065 16.0064574121 15.2033272548 13.1993703405 14.3991904079 14.1463518062 11.1512536573 17.9544768504 17.8691875139 0.0093918140
10.8787908959 5.7448749773 3.1220207288 6.2794832828 8.0233382623 13.4651845376 11.5965859866 14.9216145884 13.1594310666 17.0483505031 12.7577713310 15.5502388411 11.9610289372 16.9225503163 9.1746487402 0.0000246736
9.3030824873 6.7032015839 1.5408612018 9.1287703001 7.8919608703 9.2869384618 13.0034983752 14.6938267391 13.8377903303 11.6542482993 17.8911998496 18.8276787733 12.0013876206 17.3855393905 7.8612833465 0.0000701530
17.6876540403 6.9905188853 0.3113090250 9.9836971746 4.0088435809 11.9664220418 11.4213173026 16.0113786584 15.3000076851 18.0581958680 14.5911953672 14.3690216661 13.9571132571 9.9271959031 9.8358171064 0.0000145586
5.0430560403 4.1732209074 3.9935175461 6.2275505355 5.5652648714 9.5610736867 16.5170577716 15.3372815512 15.1100229763 13.5095215127 18.3420414477 12.0908009730 15.4590907246 12.4585468081 9.6465309226 0.0006134466
2.4341878367 7.1773690665 1.0788402136 5.6447705475 8.0068717007 18.1953663210 11.5575513946 14.5449495326 14.7881065583 15.5603416019 12.8384706181 13.0997522089 13.7656794034 13.9445275151 12.8274627841 0.0000144279
3.1971270890 12.2990521214 0.9903299266 5.3946459083 4.0271031161 16.0321879002 11.9440385781 14.6425299063 14.1294326883 15.4161744349 14.3402533227 13.0196075301 15.8071255842 11.8934252841 19.8339785876 0.0009541964
19.5104005783 3.8203090340 4.2467804401 9.9837706064 3.6483932417 8.8683547214 16.8863888485 15.8052319744 15.1234728395 18.2866058927 13.8298773170 12.6260328092 15.2764711418 11.2365349656 10.7089238178 0.0000188716
18.6971601437 8.6833632162 3.9812801007 0.5568434205 8.0107628936 12.2226663323 11.4987676912 14.6712210231 14.6520414382 17.2495241624 13.3171174715 16.7448525229 12.3524278176 11.9061513767 12.6663085215 0.0106192718
10.6981331554 6.8476291154 6.3876975292 0.5338980695 8.0107296033 16.5466238046 11.4937698775 14.9783660405 14.1653564240 12.2753114487 13.4111907206 17.5292283040 17.7316049463 15.9309733313 8.0069564213 0.0106192874
14.2282212541 7.1972046782 1.0671007575 9.9838016114 3.6517520994 18.2869700530 11.5140255208 14.4857259990 14.2455276701 13.5336738392 13.1686102648 15.3843127399 17.3545161221 12.0549919254 12.7225789104 0.0000153016
18.5153162473 3.8227436005 4.3961077435 5.5038505078 8.0001628304 8.8722229336 18.9389303401 15.5601922439 14.6945255441 11.6161198567 14.9020491348 14.9902245548 11.8566403075 18.1330844241 12.1316328517 0.0000423530
8.6975833095 2.2460641794 3.7880228115 9.9841172237 5.7083679385 19.0025923084 11.6198102637 14.5295172598 13.7002036507 16.4855459318 13.0196496766 12.8101278580 16.7954138273 12.0143945294 15.3104546519 0.0000546542
2.4954800208 3.8105096009 4.2251149407 5.6465801363 7.9982683072 9.9448546235 11.9700825746 15.7090068500 13.9515584712 15.7408687863 17.6637538392 13.0575817109 12.1387247187 17.7580589021 7.7195085616 0.0000168231
19.9538735656 3.8093850461 4.2599924212 9.9837349737 3.6366278121 9.6903663529 12.1475544382 14.5866567892 17.0610035771 13.3948468429 13.8695778439 16.3972159782 12.0414835819 11.4140676402 16.1412417709 0.0000207619
0.3752515934 1.8751514995 4.1728216616 5.7032736701 7.9979726741 8.9067562787 19.1670611961 18.8700999781 13.9934898159 12.6098049080 13.3303080850 13.0596683417 18.2651732095 11.2376463118 14.4021731984 0.0000260659
0.7115683737 6.6485268480 2.1923115282 6.3742370677 5.1644005382 9.5435405064 19.8314491529 18.4842385527 14.7707813948 12.1717214302 13.1623946952 12.8680688340 18.4956052060 16.3933011406 7.9614053637 0.0006137022
15.6560505782 5.5838858450 3.1618860762 7.6063007918 8.0157758076 19.7503104142 11.5584934061 14.4875254259 14.0110543339 15.5098088464 12.7489871019 13.7457785931 14.9774972599 17.1414805758 9.0326034123 0.0000440853
13.5080128998 3.8355017423 6.7839149313 4.9673194816 8.0000626678 12.2969749787 11.4047721914 15.9548483605 15.2549408646 13.5340968090 14.5610087317 18.2935874449 12.3709476542 10.9170653659 19.9998211222 0.0004290198
1.7310202844 3.8539384896 4.2624869642 9.9837924122 3.6345218205 13.3781296206 11.3904848328 15.7504709284 15.0688029866 19.2839093440 14.4011766627 14.1940402804 14.9595885018 10.5640903400 9.7343651886 0.0000206057
12.5912255080 3.8746124224 7.8619967110 12.7827274948 3.0159413772 5.2848100181 16.1123246048 16.3660654580 15.5796293066 13.5842297454 14.7809642587 14.5349485323 13.7171762547 10.4742337723 12.3050537564 0.0097380057
19.1136673041 12.2990440665 0.9269626269 6.1769459425 3.3261296721 9.3660382917 18.8116908476 14.9965028568 13.4706546789 12.5318428676 14.2052795915 16.2897990093 12.9046846200 14.9467135823 13.0523026612 0.0009536232
19.1980026945 3.7993106761 9.3112743136 7.7513438689 3.0019193287 14.1278865721 11.9307863031 16.7777276440 13.7685124293 12.4946440482 13.1317172505 16.8595475522 12.3088606223 18.2685664785 9.7513824968 0.0009531031
11.7539201051 3.6212275782 3.8841948424 12.7868359603 5.2888093755 13.5120594424 7.3286475360 16.3544034037 15.5687322089 13.5818432957 14.8259944451 14.5212910837 14.1545143431 14.5988007968 6.6666449065 0.0092825681
4.9171526368 6.9994642692 0.7751951139 9.9854152578 3.9824538307 16.9609979201 11.6772719827 14.0754759692 13.8157277858 11.9935004046 12.7924730802 17.8452021029 18.1474442841 17.8781018330 7.8431284432 0.0000381868
8.7344736078 0.3822134017 4.2117183093 5.6604166088 7.9961387273 8.8838517887 19.3173036430 15.1396249454 17.6153495763 12.5768926377 13.8171893374 12.7586137849 11.9950557374 16.1898121097 19.6488368781 0.0000147150
