8.6978912430 4.1966252596 3.8506174957 7.2273386764 8.0007024639 8.9419003668 14.4611668306 14.0927199504 16.0148594297 17.5838658453 14.7968178209 13.9734216401 12.0913247289 12.0277599017 12.4087134692 0.0000411866
19.2641874040 6.9824351883 0.3876669257 6.1724587293 10.8879056252 5.4105870929 15.1083392034 16.1494593152 15.3469480113 15.0728383101 15.3402624137 13.9363676429 12.2202470656 11.6660607340 17.6153301497 0.0095285155
11.5161137890 0.1000000000 4.3290581943 5.5546397288 8.0001634225 10.0128598335 11.9759236874 16.8438328403 13.2863148926 16.1965311376 14.9563902001 13.9427010750 18.6406125203 11.6653591582 7.8394352774 0.0000447627
6.9529156440 4.0544499293 4.1359463900 5.8519139316 10.8994078312 5.4170387345 15.1089808131 16.1389164777 15.3528539152 18.6987129816 14.7495824099 13.9322963223 12.2394384164 11.6511105522 19.2534611116 0.0095565502
19.2722358355 3.9411143469 7.6020742108 12.8714665709 3.0280697900 12.5041258916 7.7875184403 16.1389623095 15.3339784039 14.0127876415 16.5242125074 13.9728923809 12.5809374190 11.8306299271 12.1868362289 0.0099943670
4.4888796159 3.9671790190 9.3114310838 5.2259533140 4.4007858250 11.8967877908 11.9968461581 16.8058557472 13.2122307221 13.7170455404 17.5958769926 13.9947600816 12.3783784385 12.5476803407 10.9175407976 0.0009544252
8.0187368678 3.9583424296 6.9920465628 4.9569504601 8.0000499133 8.9506074089 14.4550488719 16.8067137522 13.2311960889 13.5976693126 18.7624552950 13.9940603981 12.7187586539 11.8754183377 11.6734798218 0.0004428943
2.5817364742 12.2991518928 0.6537685803 6.7368182509 3.1425781416 9.4124837922 14.4230496451 14.0178717559 16.0001707936 13.5613681794 19.7592360307 13.9961965174 12.6872305864 12.1922771812 11.2664209723 0.0009529661
15.0766848334 3.9356545409 8.1048409792 9.9814555414 2.9450712294 11.6780414533 11.5524698934 14.0890817881 16.0255145476 13.5876101192 18.9405195106 13.9603648611 17.6828183218 11.7215823639 7.8904328003 0.0004895923
17.6173241005 3.8460678453 6.1108890046 5.0164407551 8.0000114112 10.9503682549 11.6616727917 16.8042266807 13.1827717666 14.9581219039 15.4313322593 14.0002950792 13.0110376472 11.9738388229 10.9997886513 0.0003671623
18.9132099179 4.0063942559 7.2569541778 5.0032462504 10.8901388855 12.5041403194 8.0119655227 16.1342225843 15.3378409119 15.5853527806 15.1072678961 13.9715124773 12.2087392488 12.1752335242 11.9382871744 0.0099833360
2.1865883204 6.9928415713 1.2033522748 6.3729987527 7.9997692998 9.3583281293 12.6516141295 16.8014801696 13.2802129943 18.5369327167 14.7633421284 14.0023667910 12.1201574586 12.7883912152 10.5678256783 0.0000131495
2.3764417540 3.9136625755 7.7831049770 9.9834587901 2.9503737850 10.0475942261 11.9649853737 16.8094609013 13.2388356189 17.1350787293 14.8280448871 13.9947952264 16.3852086253 11.8777458844 8.1543952829 0.0004743759
6.6169328155 2.2664320640 7.5649101261 4.9394048149 8.0000187975 8.9500888291 14.4531745530 14.0441973366 16.0026011371 18.4710951170 14.7648707872 13.9917028201 12.4775346156 15.6889631067 8.2032490465 0.0004668669
16.0685523504 3.9200245840 9.3116203210 5.0677160882 5.0481869411 11.9046340513 11.9927065344 16.8058300103 13.2253659006 16.1565340893 14.9641208178 13.9946218484 13.2050745672 11.7236014562 10.8178504313 0.0009542350
7.5185949381 3.5936052725 3.9972729675 6.1816379786 10.8905587445 12.5117335927 7.9059058633 16.1522451177 15.3358033996 14.0095938674 16.5276976681 13.9470543649 12.2350307930 11.7220020740 14.1861979792 0.0095297576
10.2260551583 3.9812993500 9.3129672366 5.0438208213 5.2024107182 11.8987995832 11.9672454482 16.8057894122 13.3656205058 13.5768281191 19.2205444639 13.9939568951 12.5025812814 12.5452931413 10.8509157380 0.0009558271
16.7737198490 3.8932943738 8.0809164395 5.0374736800 10.8834434625 12.5042719415 7.4663492828 16.1358529982 15.3309214363 13.5607858262 19.3695617083 13.9695020493 12.7633769360 11.6725532323 11.8887635798 0.0100271542
19.2028245046 0.7773449290 4.0283510576 5.9267472275 8.0545477223 8.8872189697 14.1073520950 16.7969527765 13.5787631052 13.6125064817 18.5906383733 14.0018699273 12.4586448215 11.9422206976 12.0314853551 0.0000121129
9.1945291024 3.8832844929 6.4841299172 6.3453513005 10.8883261628 3.5258775660 15.1067236091 16.1330536639 15.3608508634 14.0959812901 16.3585088356 13.9450394719 19.0510019822 11.6799834078 7.8356879289 0.0101241046
4.3268465911 10.8502000205 1.2056922268 5.0074654810 10.8801432170 12.5043487014 7.7227071003 16.1268205026 15.3464708258 14.3358314435 15.9814675631 13.9722636002 12.4720641515 11.8884200586 12.3403173617 0.0100026420
8.2673333545 12.2991912329 0.3126561698 7.1575148160 3.0653576923 11.9016834043 11.9905259709 16.8121614593 13.2463694199 13.6525462388 18.0631350924 13.9853414329 12.5034389655 11.8533667014 12.2023660541 0.0009558002
7.0502077279 12.2991802727 1.1457321418 5.7132539034 3.6232379325 11.8613642259 12.0012916834 16.8058527989 13.2164080393 18.0793969901 14.7760123415 13.9957113991 12.3933056799 14.5946253499 8.7969282768 0.0009571502
5.1134648768 3.9401382584 8.3589112251 4.9254375036 7.9910643302 9.5914987792 12.3422225276 14.0014060635 15.9998564660 16.7357389594 14.8688589228 13.9997542468 14.3037380644 11.7276070801 9.4353093131 0.0004846493
13.3726709559 4.0732435083 4.2524025646 9.9842901398 3.6407115380 8.9378420052 14.4864244323 16.8029219672 13.2976910043 13.6568194384 18.0341852247 13.9964562325 14.8207655053 12.8910819190 7.8018794972 0.0000207555
10.8365771559 7.1184483377 1.2361333574 5.7131074739 8.0001984530 10.8653157723 11.6663183594 16.8417672557 13.2695673232 14.8750342120 15.4882576515 13.9460070975 12.2496569814 17.8279148351 7.8527662231 0.0000207414
16.7785704882 0.1959281982 3.9699611493 6.1156805252 8.0000279900 10.0543690792 11.8254323398 15.4070904985 15.8628932674 18.0861543064 14.7738163851 13.9979959267 14.0918766153 13.3901361677 8.1739250255 0.0000419129
17.1607495351 1.9997157953 7.6725166093 5.9449160677 10.8845537686 12.5125118357 6.2004119153 16.1372121309 15.3500832037 15.1418497863 15.3024351535 13.9493443942 12.2595048913 17.8396660225 7.8834390041 0.0101442059
8.1862631083 3.9316120128 7.2521252883 4.9473476765 8.0000193108 10.0834923659 11.9465560633 16.8077139881 13.2334523804 17.7442897457 14.7894765657 13.9972226163 12.4812631585 12.0685795781 11.7686936308 0.0004556024
10.0322879156 4.3188830247 4.1840609911 9.9831250346 3.6958228872 11.8178428681 11.5433491494 16.8351605636 13.2649486641 17.6812319947 14.7747374760 13.9796548394 13.2676579336 11.9423589186 10.6340036377 0.0000145167
18.5476947042 15.4797515376 1.4055360380 5.3493582090 4.2893367357 12.6023889638 7.8060358896 16.1454431614 15.3438469335 14.5173474143 15.7481224296 13.9555131594 12.2333596453 11.6496516468 15.4448859117 0.0205834072
12.6525929915 6.7561434828 0.8299348967 9.9830262080 6.2510906276 11.8814247339 11.5357736837 14.0787904215 15.9994463126 17.8669936931 14.7844189333 13.9946920245 13.0615147253 13.5918991917 9.2084852731 0.0000547718
11.1857633658 3.9849783384 9.3123864362 5.9282096949 3.4613371947 9.2995191429 14.4632355703 14.7993646625 15.9880409110 18.2768682283 14.7706824334 13.9944187150 12.7013679124 15.2695288815 8.2366372614 0.0009742851
19.6931216975 7.1118016203 0.5736347573 9.9837630092 3.7607838932 12.0588116247 11.5280083306 14.0677870572 16.0356536987 19.6224583798 14.7480598373 13.9311973185 18.7136032337 11.6691579495 7.8716299362 0.0000203233
10.6846727561 4.0502663207 7.0027360614 5.0096667875 10.8907700934 5.4635643956 15.1087072820 16.1464070577 15.3489193660 15.6617720232 15.0806967749 13.9346333859 12.2371995897 11.6503993243 19.9810305535 0.0099775569
10.5489052185 7.0318592919 1.2048767992 5.8663706431 8.0001075773 8.8657813253 14.1045405760 15.9881802719 15.4850402105 18.1996060608 14.7734236403 13.9977944989 12.3509752131 15.4088835510 8.3885292606 0.0000466776
8.8387841980 10.1795882649 3.7942346784 0.0830484654 8.0110630515 10.0280559569 11.9562913107 16.8532780786 13.2985660398 13.7475285104 17.4272899521 13.9287561502 12.2360324006 11.6387046209 16.1452879303 0.0106360528
15.9888965152 3.8807173817 9.3114593033 5.1733896704 4.5681693307 9.3761331413 14.6087101155 16.8459913019 13.3135780107 17.6266498482 14.7946248694 13.9291134964 12.2524584422 11.6688233325 14.9173409855 0.0009688574
9.2272172856 6.8830019735 1.1852999254 7.5623487391 10.9001532437 12.5035640601 6.9796226599 16.1341114577 15.3326340050 13.5933061846 18.6382622572 13.9712812185 16.1266855642 12.1812036520 8.0120433708 0.0095675048
15.1515084613 3.8657450037 3.7605583275 9.9735545295 6.5888251076 12.0281551654 11.5359145995 14.0259177099 16.0176671691 19.1441267888 14.7534223239 13.9630594466 12.1464241100 11.8771709437 13.0183075668 0.0000657297
17.2932781145 4.2819852582 3.9901198775 6.1502396538 10.8895861176 5.3717273051 15.1069938917 16.1520534698 15.3414986541 14.1578420965 16.2423737154 13.9406401520 19.4846015445 11.6443452408 7.8515503626 0.0095276445
1.9903091152 2.5278221557 3.7759802098 8.0002433543 7.9992151768 11.5993275354 11.5560341160 14.1273101001 16.0520855904 18.9242742644 14.7559992860 13.9201882703 19.7519733019 11.5320462461 7.9367851621 0.0000668105
9.7212465903 10.3857408654 1.1530284962 4.9403697880 7.9999995887 8.9325207588 14.6097855981 16.8446744920 13.2893188161 13.6772228257 17.8596932463 13.9311910303 12.2556312372 18.5008243943 7.8386800953 0.0004785177
8.3459474535 0.1000000000 7.9544774536 9.9829124160 2.9481259499 12.0703732652 11.4175450941 16.1111688839 15.4086486527 19.6674185750 14.7498017825 13.9291010048 12.2146152945 11.6321597322 19.2479695337 0.0005307553
17.6211212451 10.2624732749 1.0450421201 4.9457682099 8.0005403550 12.0035962274 11.4465952156 16.7980516375 14.2251037534 13.5940327156 18.8669041450 13.9434531999 12.2370109946 11.6567217012 14.3984736837 0.0004919912
19.4821018050 3.8922484300 7.7501803426 4.9348666497 7.9998520637 8.9316817366 14.6152425705 14.1074991031 16.0413533803 18.7938857418 14.7583126813 13.9266317236 12.2498102975 11.6659077481 15.2375365093 0.0004874937
18.0733607461 6.8529654734 1.2167573492 12.8741743034 5.8383597529 4.5217201971 15.1030684093 16.1383593015 15.3453130191 13.8793816943 16.8635518600 13.9528656049 12.3298144321 11.6844473498 13.6608600802 0.0095590654
12.1132132364 4.3300071534 3.9933076673 9.9841880061 3.9915893871 9.1482822263 12.8987349307 16.7919554552 14.1008760444 13.6003430339 18.7140164251 13.9886345193 14.6402532827 11.4972814757 9.2017081764 0.0000236068
1.0329002552 7.1841652893 1.1427404243 9.9838662460 3.6629921454 11.7770411869 11.5518442049 16.8054211775 13.2202788771 17.4231962197 14.8059647553 13.9960156398 12.3523081540 14.7484967447 8.7187447976 0.0000143461
5.8435528784 3.9687270979 4.6430477421 5.6463827534 10.8898389722 4.3946323246 15.0970369592 16.1339170218 15.3360231307 13.9396820890 16.7005866821 13.9735425096 14.4056053236 13.2402212948 7.7005668906 0.0096359793
2.1047914166 9.3317211397 1.0969785224 9.9836940217 3.0092740569 8.9526557201 14.4607016106 16.8051973473 13.2042697724 13.7824630261 17.2742935487 13.9959231424 12.5285692694 15.0498580443 8.4934169262 0.0003948511
8.0496437297 7.1913559391 1.1832549342 5.6379071987 8.0004708527 11.3602059640 11.5893723878 16.8035865406 13.2454724322 13.6921721373 17.7537226204 14.0020309473 13.7564580139 13.8553672474 7.7807446308 0.0000153960
8.6922062501 6.7481899726 8.2323061529 0.1390893052 8.0063738987 8.9478384408 14.4327190951 16.8057662698 13.1954829124 14.7634017024 15.5723880290 13.9965142716 12.2885106579 12.7534852329 10.5970809820 0.0106197370
4.6868824177 7.1363643240 1.4800135072 9.9850577907 3.6782427313 11.9043812167 11.5118669296 16.8047113261 13.4137767200 14.5957200137 15.7196673001 13.9953669185 13.4275309704 11.5927303119 10.4840985751 0.0000155873
11.3571184310 2.7249070320 7.3786880979 12.8695405769 3.0371862434 12.5146658500 7.7588606080 16.1516525396 15.3447677519 14.7672184128 15.5463762119 13.9387935468 12.2212103595 19.6641854610 7.8414155494 0.0099865236
17.1912453187 3.9336399243 7.7852386964 9.9833995176 2.9502130549 9.8506368227 12.1025798720 13.9910668972 16.0001297967 15.8443914044 15.0413710263 14.0002189630 12.4005532962 12.9561716221 10.2566315338 0.0004727315
18.9332394467 3.9943339387 8.2013556103 12.8501448519 3.0179437873 12.5157886307 7.7805172667 16.1492662707 15.3424925578 13.5934930242 18.6156091184 13.9323195313 12.2432158168 11.6482858880 17.9853413746 0.0100309598
5.3467434057 7.0103552211 1.2345852174 6.0363193219 10.8981714878 5.4766649773 15.1066772324 16.1424242976 15.3451064075 17.5547416236 14.7871403800 13.9392482360 12.2521846195 11.6815711460 14.7249970449 0.0095459642
16.7218748730 6.7605622516 7.7196277695 0.6751025300 8.0106323015 8.9379542939 14.4908167344 14.0542068002 16.0114614164 13.8446669496 17.0263364197 13.9776927580 16.9786841125 11.7982838886 7.9976147384 0.0106241012
13.0776512502 3.9340487841 4.1705927419 9.9837837940 3.7287335623 9.1224921909 13.2469010811 16.8530476227 13.2828117557 15.0629890409 15.3663728963 13.9284821976 12.2235609887 11.6415146418 17.4407659048 0.0000271992
12.8094327292 10.2577094688 1.2611834355 4.9933306447 10.9143381702 5.4810185932 15.0967816145 16.1488603537 15.3223379309 13.9188350688 16.7533593726 13.9718986806 14.2999993034 11.4223529139 9.5036523269 0.0099894330
12.4353588913 7.0914717911 1.3731989346 5.7345344636 8.0001937629 10.0875584525 11.9335253818 14.1022924951 16.0431705093 13.6425046543 18.1608989995 13.9340157343 12.2360667020 18.6953665511 7.8280641334 0.0000222845
7.2337305766 3.9020626673 9.3114108368 5.1702206474 4.5788899147 11.8797056187 11.9945507333 16.8091509170 13.2393475809 13.6041306611 18.6395936682 13.9904088480 16.3605426078 11.9173942058 8.1433247745 0.0009552946
2.6563552264 3.9166999283 7.8475369857 9.9843657279 2.9492642129 11.0284693615 11.5607150853 14.8094007194 15.9861979935 18.3110225938 14.7696184497 13.9992316019 13.1596090001 14.6664818578 8.0129768367 0.0004947610
6.9764649265 2.3213758408 7.3141768116 9.9837478439 2.9626243858 11.8926387266 11.5411567555 14.0423309031 16.0004639216 13.5613504196 19.7819089604 13.9932645124 15.8436387975 11.7847528475 8.4582427013 0.0004572383
9.7986448617 3.2721987737 4.8616381687 5.2687059870 8.0001293532 10.9097809094 11.6555166979 16.8509936705 13.2994209400 16.3514082729 14.9283453425 13.9289859469 12.2237274409 11.6410258713 16.7812376406 0.0001585716
9.0643716453 3.9119188247 7.8350618618 4.9331510619 7.9997192160 8.9442641021 14.4889100136 16.8161657269 13.2570250720 13.6580081544 18.0119785191 13.9782715260 12.4140138333 11.8197736164 12.5136045069 0.0004785909
10.9038840989 6.9751915266 1.3754732019 6.1944219396 10.8884440360 5.1000729153 15.0976274705 16.1382398568 15.3355161050 14.1073715945 16.3328802358 13.9709528944 12.3140267718 12.0045782878 12.3349758365 0.0095259724
19.8124088865 2.4863515269 4.0015844698 12.8816134871 5.8969174052 12.5047011585 6.6383054135 16.1181186134 15.3505670716 17.1343841546 14.8173114389 13.9687050699 14.2573309456 13.1952635122 8.3332139577 0.0095897452
9.1541103501 4.8515192930 3.8705140346 5.9535575197 8.0019531560 12.2077251906 11.4699208027 14.5032449088 16.0426551460 18.9992859654 14.7555169053 13.9050258459 12.4104634694 11.4207713350 19.3037202712 0.0000295313
4.8339587067 4.6169470420 4.0974112243 5.7000088277 8.0010773420 10.6880464042 11.6882000216 14.2301506503 16.0348100453 17.5965425276 14.7958553025 13.9461579480 18.3808026015 11.6635244910 7.8551087320 0.0000239206
8.6623562574 7.0506558921 1.2007293667 5.8278343795 8.0001368460 8.8262706171 14.6197931233 16.2302634559 15.2881167737 13.5996193646 18.7315571353 13.9315718888 12.2118825599 11.6259482684 17.3155971332 0.0000572153
10.0717308671 3.8772667776 4.0852537522 12.8741702241 4.0119121394 12.5059275496 7.7161136173 16.1368761920 15.3385376361 13.8988801250 16.8065400635 13.9659521956 12.2709045577 11.9035685962 12.7721197676 0.0095341160
3.5498813941 6.1681679252 2.7520042086 9.9839735583 3.9871603505 8.9592849572 14.3906205604 14.0000699813 15.9158471390 17.9406300464 14.7977973729 14.0803457371 13.6288657816 13.8566928297 8.0879616232 0.0000101856
11.1851516330 5.6364631338 3.0878432422 9.9698670086 6.6619744815 11.1074704673 11.6073511457 16.8192859310 13.3813398799 13.6753934416 17.8731132430 13.9797478195 17.0529415881 11.8759866881 7.8592166890 0.0000625761
18.2128086174 9.9188182476 1.1293828107 10.8245640056 8.3742792793 12.5046723918 5.8111052725 16.1326128209 15.3394305978 15.3404133486 15.2051475153 13.9706406385 12.1838137590 15.7357084196 8.3595403168 0.0103423377
12.7663408555 1.5714395964 7.3462760253 5.0135057771 10.8974487664 5.2595171551 15.0968732361 16.1289718576 15.3400705522 16.0854530736 14.9655031554 13.9716363947 13.2465553820 11.4908956082 10.8553215436 0.0099914108
9.0780635032 6.9835259115 1.1623180711 9.9832689848 4.2411259345 12.0569515400 11.5231045823 14.1016323308 16.0421808737 13.6495727598 18.0873776090 13.9207104559 12.2265159717 11.6653601013 19.1946717071 0.0000214952
19.7243228479 7.1915426237 1.2182271991 9.9838671690 3.6509838659 9.6025214555 12.3213435104 14.0107376694 16.0011060540 14.5759387820 15.7378369884 13.9984100118 15.9215415371 11.8366482407 8.3940680718 0.0000158642
12.3225329130 10.1022497744 1.2122762734 4.9927235479 10.8932317920 5.6242660327 15.1070044961 16.1449120061 15.3440889733 16.2357496367 14.9328459908 13.9387869028 12.2417902941 11.6785077824 15.0232071907 0.0099890146
3.2511571173 7.1932602643 1.0873666701 5.6304666025 8.0002798903 8.9491836451 14.4545105941 14.0463834100 16.0007463035 17.5991764302 14.7966403543 13.9939149738 12.7409049500 11.7945353076 11.7144570135 0.0000166673
6.0226137701 9.8409461915 0.3889197758 4.9634955735 7.9999867919 9.9786593411 11.9968043374 14.1020573094 16.0483146847 13.6145400439 18.4891791777 13.9260301455 12.2264606389 11.6426098101 19.1353917151 0.0004505742
4.5484249314 6.7945525499 1.9693232411 5.9857670364 8.0014898541 8.8892644704 14.7767528458 14.3707815069 16.0036308448 17.8601597757 14.7853926369 13.9674053854 12.1041464701 11.5365714095 15.7007720649 0.0000260482
8.5138200655 3.9071532637 5.8764877000 9.9836728341 3.0596924250 11.1893419924 11.6242943643 16.8063892103 13.1793122365 17.3108662276 14.8151418719 13.9985100498 14.7212307164 12.2406099113 8.9115869382 0.0003377177
4.7000328550 3.4479860845 9.3113669905 6.2984361830 3.2753561071 10.6315873104 12.2567683587 14.1080894761 16.0487370284 16.7704744363 14.8642333297 13.9266225660 12.2329961474 11.6351414191 18.0656924111 0.0009707736
8.8013530671 3.9021821382 7.4446921777 4.9418139901 8.0009806869 10.0887855152 11.8318864125 14.9440498335 15.9755847705 17.4708061564 14.8051014384 13.9985700132 12.2483516624 12.2334121020 11.6261226648 0.0004868174
0.6766147886 4.2172723131 4.2428305292 5.6197557821 8.0000501501 8.9613865088 14.3858773362 13.9996207106 15.9988491181 17.3968654174 14.8079632439 13.9975627284 13.5572073727 11.6380917947 10.2801139997 0.0000200383
5.5401991374 4.0122408195 7.8861076643 9.9832491995 2.9478991593 11.9017577146 11.5430149908 14.0220521534 15.9995833165 17.3942124253 14.8085244326 13.9946248115 13.4883125744 11.7152226243 10.3649497908 0.0004763970
19.8008665441 6.9115871505 1.1073117496 9.9830455801 4.7214410842 11.8978650774 11.5419564361 16.8022272902 13.2059097215 14.2916410521 16.0711112505 13.9981867729 13.1589150165 11.6965640567 10.9056201831 0.0000190752
11.9311912338 5.5932538442 3.3060785627 7.4085840436 4.3328087479 11.4673103421 12.2489949331 16.8086107174 13.2340145578 13.6073365560 18.5893766890 13.9958102117 16.2764801559 11.9742303629 8.1233648059 0.0006148006
17.1053727369 6.5414059924 2.3292813555 6.1344685677 10.8950553770 5.5537803619 15.0987023056 16.1345253088 15.3378487286 16.6356433369 14.8694020257 13.9659827557 12.3712595432 11.8609328605 12.6807562362 0.0095358387
12.2117990588 10.4261306112 0.9224098636 4.9418989303 8.0000296375 8.9504165039 14.4385853889 14.0241083328 16.0046291768 14.7622065612 15.5739355309 13.9906977102 12.4683939123 15.8567821847 8.1326943863 0.0004637003
17.1762888256 9.4123497809 1.1712436396 12.8778461029 3.0563408875 12.5064928894 8.0639511852 16.1312800083 15.3427649316 16.3591820898 14.9123812431 13.9656452933 17.1420282294 11.7195290449 8.0629079138 0.0099393176
4.5865154041 10.7594411987 1.0869525627 4.9326879431 7.9997894063 9.9159618409 12.0547589290 14.0069533542 15.9997799366 13.6080182799 18.5838009053 13.9997607794 15.6244765886 12.1020962230 8.3910493703 0.0004741472
14.5778007110 9.1395210051 1.1196655001 5.6599066029 10.8928119130 12.5058419916 6.4382019691 16.1313276579 15.3385919825 13.7435233366 17.3866893917 13.9680210080 16.7259389806 11.6596763268 8.2107694412 0.0099829229
11.9965775142 3.9436021900 7.2640744863 5.0100754490 10.8972086084 12.5040645178 7.9188786556 16.1301596470 15.3377830796 17.0487632495 14.8239868309 13.9704350767 12.7254885955 15.7845888292 7.8842729760 0.0099949643
15.6040096234 6.8487684838 1.8555046470 9.9847646970 4.0093351711 12.0193978818 11.4619542201 14.6908146935 16.0043189868 15.1598588820 15.3123336257 13.9710490885 12.5001202668 11.5127188903 12.8265669543 0.0000232211
8.3752566354 4.0056798136 12.5309145272 5.1461165253 5.0125583650 12.6030921265 7.9563527772 16.1448794782 15.3406044398 13.7689995947 17.2041960142 13.9484530632 12.2216561008 11.6429151772 17.9699809945 0.0205895428
8.0274223176 10.0736359272 1.1612200612 9.9836516181 2.9667389002 10.6805586409 11.7090107877 16.8547843929 13.3057845183 18.2762719539 14.7704153085 13.9270715564 12.2265326449 11.6426042436 18.2524455716 0.0004682040
12.1152776914 9.9426840378 1.1327189653 4.9561850550 8.0000431018 8.9547023530 14.4081958121 14.0345616307 16.0007867108 17.9965717774 14.7798324332 13.9968255828 12.4386365828 12.2325057248 11.4881837954 0.0004430155
17.1153790342 7.1794792776 1.3442521246 9.9836685139 3.6525538336 9.9471827538 12.0363283163 16.8047919277 13.1922793881 13.5733101390 19.3346196093 14.0003729824 12.2109701994 13.8093627122 9.3742780346 0.0000153837
13.1798504783 3.9550107311 8.6286592468 4.9230487703 7.9718233945 8.8695745699 14.5681022282 14.7761220827 16.0266775175 16.4724990253 14.9065094550 13.9341839206 12.2191344582 19.2446908444 7.8103355858 0.0005209092
3.4600733087 6.9318313691 1.6104866407 6.1424677308 10.8990728837 12.5037364691 7.9912624421 16.1298653911 15.3368642753 18.7982310784 14.7484273778 13.9703408622 14.9655728781 12.8411101334 7.6587186046 0.0095436041
18.5998674131 8.5204107041 1.0995301985 9.9836995755 3.1051127077 9.5104445710 12.4150443346 16.8495772566 13.3033919892 17.4751997799 14.8050699560 13.9287552365 12.2244842195 11.6411820026 18.1147442309 0.0003014230
16.1041010001 6.8953000493 1.7287255029 6.1905426904 10.8908039912 12.5036398265 7.8161392686 16.1383451512 15.3316482053 13.8825252328 16.8572445486 13.9723458274 12.9811199360 14.7811892718 8.3149041928 0.0095331191
1.2533936422 6.5347750722 2.0637349195 8.0832138853 7.9985501081 11.6994597401 11.5652192891 16.8445010242 13.1869170672 16.7887723966 14.8621482034 13.9405341570 18.0924643144 11.5224459960 7.9994021076 0.0000644892
6.2048829779 3.9258808162 7.8808617743 9.9832951396 2.9487013626 8.8338656799 14.6161307174 16.6826724259 14.6399396854 14.9931604353 15.4119286432 13.9321969465 12.2087726560 11.6200725780 18.4982848828 0.0005242866
7.4910439581 9.8949314534 1.1868782360 4.9570595860 8.0001296835 8.9504764887 14.4812024040 16.8055990359 13.2191016492 17.9984403153 14.7789293728 13.9949695363 12.3303101987 13.8135078513 9.3554237494 0.0004410701
18.5982714429 2.4148066635 9.3114015434 6.0552671377 3.3875938660 12.0498166519 11.9682102097 14.1067395600 16.0442799367 13.6706390561 17.9057363568 13.9205549525 12.2357243251 11.6605854670 19.8905069794 0.0009699895
15.0749395908 10.5025684499 1.1341495445 4.9376705810 8.0000316039 8.9507366378 14.4488140311 16.8079284318 13.2347672455 17.9236503839 14.7818009947 13.9931299111 16.1934479803 11.8945876958 8.2393259152 0.0004686721
5.6791087125 3.8862188222 9.3113440668 6.3050738696 3.2721366301 9.9120142433 12.8094424268 16.8126056092 13.2518251065 13.5825655476 19.0614171079 13.9904673670 16.6419097353 11.8554175639 8.0594770450 0.0009565155
3.6572432631 9.5576420108 1.1535185092 9.9836568352 2.9924004866 12.0362089551 11.5238441838 14.1107457722 16.0435879344 19.9295514291 14.7469487161 13.9220003303 12.2418619094 11.6583106654 16.7469388490 0.0004332031
14.9579843833 9.3334570858 1.0323958685 12.9879656352 12.3042892344 3.6590168139 6.9603638264 16.1508068729 15.3508191030 14.7016964453 15.5691173541 14.0513901588 12.2204967938 11.6301366339 12.8820103072 0.0577195800
16.8696065668 4.9099116796 3.8399966564 5.9602691456 7.9995847334 10.6380474343 11.6621519558 14.5977521361 16.0402524908 13.5813736687 18.6839801957 13.9674294307 12.4601079764 12.5255725836 10.9645880233 0.0000158692
1.7735970646 6.7168825448 1.5371448178 9.9819247951 6.3275265976 11.0793070595 11.6102275901 14.2126738386 16.0479344433 13.6242247648 18.3537693994 13.9270279434 12.2249717358 11.6378428125 18.7180168035 0.0000709768
8.9355212486 3.8913788433 7.7975258170 9.9834477642 2.9503208759 8.9532323511 14.4376476105 16.8064764730 13.2241910717 18.4351047978 14.7659726191 13.9949898494 15.9439489714 11.9648097515 8.3158209108 0.0004733107
11.0065165315 10.6301841582 3.7752608148 0.4711242358 8.0114454106 8.9202674155 14.4771674263 16.8063011797 13.3963696751 17.7708556936 14.7882722485 13.9942813145 12.1825544781 13.7779147284 9.4091985035 0.0106215865
14.6798628948 3.8643535011 6.6616053679 5.1738825502 4.8210962464 10.4963261371 12.5712482928 16.8455550040 13.3116695971 13.7481978351 17.4230755443 13.9361215306 12.2410302382 18.4550720746 7.8261887894 0.0010486649
17.9401091554 3.9648175518 9.3113421152 5.8415951324 3.5215513502 11.4920748473 12.0473520440 16.8055421132 13.2227744119 18.6202426231 14.7618169092 14.0001211960 12.2165424352 13.7211920855 9.4490795739 0.0009543343
16.9120582056 5.1775777448 3.6978643904 5.8793381094 8.0001843935 8.8276544036 14.5611743323 16.0044320129 15.4708513170 13.8564930080 16.9935638047 13.9888614792 12.3447979370 12.0774113102 11.9483541132 0.0000481704
0.2071480276 4.1071002218 4.2406180310 9.9839495009 3.6520585910 11.9522236862 11.5326938271 16.8109926617 13.2636710956 13.6136128606 18.5012401080 13.9832506551 12.4218471480 11.8876036282 12.3107660135 0.0000219576
6.5600630390 7.1358575096 1.2695375284 9.9838980832 3.7111731611 8.9349921906 14.5820094991 16.8257171690 13.2816872949 17.1707529090 14.8255367644 13.9603793717 12.3418301078 11.7231555072 13.1509232738 0.0000182247
16.0715410753 2.1457115068 6.8220332322 4.9655157728 8.0000109504 10.3115975733 11.8299580330 14.0778867656 16.0414467747 14.4786780352 15.8380399205 13.9386273710 12.2467388436 11.6626674015 14.5158975106 0.0004452222
8.9526523782 3.9569026253 7.5055810304 12.8703136190 3.0342114205 12.5040894262 7.7453218541 16.1280392850 15.3451137298 14.3878775365 15.9159733470 13.9726400875 12.1354087481 12.2683655438 11.7227716422 0.0099871246
3.2901767729 3.8367802580 9.3113257763 4.9974161364 5.6219920874 10.0219322262 12.6649290658 16.8550031754 13.3043947101 17.5974043590 14.7960367712 13.9258909624 12.2269244282 11.6430834691 18.8743910414 0.0009713169
14.4286172731 3.9576159517 7.7278875617 5.0003513259 10.8883023801 12.5154507258 7.8835928526 16.1494644001 15.3456845211 15.5165060645 15.1314166310 13.9345505052 12.2355970863 11.6522343533 19.3027224606 0.0100053195
16.8421724579 3.8963066929 8.0963730680 12.0707309863 7.4341950917 12.5040067417 5.7921549385 16.1222438495 15.3461925672 13.7107188692 17.5574791282 13.9715841841 14.5588354087 13.1236380053 7.6261855050 0.0104068565
7.7802911834 6.7455149230 1.2787946069 9.9823028040 6.2847771650 8.9402632935 14.6798399747 14.0080762467 16.0025333231 19.7759235634 14.7486597778 13.9810698913 13.2849984972 13.1771320018 9.4356052111 0.0000565622
2.6194021550 3.9137835835 9.3113713592 7.4781651978 3.0256778833 11.8639104857 12.0002273485 16.8067526639 13.2167653916 13.6395344679 18.1906068180 13.9944841484 12.6809271415 12.0355721204 11.5248711134 0.0009540692
11.8396564026 4.0709280975 4.0333167117 12.8826372807 4.0432856172 5.5781164067 15.0970241572 16.1292632940 15.3376821553 19.3187592431 14.7421431436 13.9706216841 15.5877477911 12.4940955027 7.7589939832 0.0095423026
14.4972454690 10.0288345814 1.0791612712 9.0211573538 10.5724978394 3.2269466828 15.1001696635 16.1381024273 15.3369563492 13.7859727887 17.1920962302 13.9630068198 12.3798190367 11.7773259790 12.9432465237 0.0103489141
16.3957272131 3.8783135548 6.2255353552 5.8939596593 10.8903841815 12.5103888951 6.3045414167 16.1348606826 15.3466775384 15.6425855877 15.0881975694 13.9563775204 17.8554399959 11.6775914585 7.9486457242 0.0100235284
10.1998923494 3.9938031815 8.1208448740 12.8569252950 3.0135590377 12.5039675999 7.8424313676 16.1371052946 15.3318469602 13.7130966407 17.5406078584 13.9708526674 16.0556739235 12.2807426546 7.8171183504 0.0100169375
11.2326221852 3.8444237523 4.2643585766 5.6095421898 8.0001912524 8.9435400673 14.5002340787 16.8143457797 13.2622815435 19.2286240731 14.7531925795 13.9806701295 12.3961710286 16.2764671069 8.0259240762 0.0000254709
1.9368227216 3.9287374847 3.8526565583 7.3799819725 7.9999624122 12.1018827898 11.5266447877 16.8067276634 13.2387148749 13.6085998362 18.5795319640 13.9818308460 14.1142093294 11.9012417406 9.5821923749 0.0000391492
14.7093621993 2.7440122816 7.9342470857 4.9319576217 7.9993205985 10.8676716916 11.6668190739 16.8373203838 13.2616561201 14.5762771459 15.7369478690 13.9534171004 12.2807755293 11.6976543215 13.6013185883 0.0004866319
0.6909613794 3.9113178929 9.3113353343 5.4244358157 3.9780862143 11.2753925150 12.0818421414 14.0456623824 16.0027682075 18.6293630796 14.7614915959 13.9958180094 12.4622540868 15.7105027051 8.1957556042 0.0009551504
10.0611959616 7.0584211415 1.2981486621 5.8015228210 8.0011586621 12.0983320999 11.4667498719 14.6105569914 16.0296927654 13.6097249470 18.5502435008 13.9314014440 12.4137217560 17.1950436833 7.8453547283 0.0000244703
0.0481690774 6.9823942774 1.1809151587 9.9839255897 4.4149291403 11.9629029329 11.5188903425 16.8035372731 13.3601147238 17.7296221353 14.7898331174 13.9930684674 16.0312009881 12.2220782691 7.9117417493 0.0000140348
10.8410124490 3.9014207901 4.2597498258 5.6133787142 8.0001848713 8.9513310884 14.4481434432 14.0386699128 16.0017600238 19.9660539254 14.7474482785 13.9928522123 16.0709966014 11.8986357615 8.2969936372 0.0000214524
10.3779184607 6.8822314564 1.1831338789 7.4781698340 10.8930463287 12.5038596834 7.0257711867 16.1280543087 15.3441706360 14.0513763519 16.4405421902 13.9725444762 12.1673531589 12.2921892810 11.6444012879 0.0095493108
6.1433398219 7.0761217557 1.4288500836 5.7468998235 8.0001370800 11.5887903766 11.5599425229 14.1017880433 16.0471178125 18.9561850774 14.7555974644 13.9275505474 12.2275962544 11.6499556944 16.2294862798 0.0000231799
4.0865172690 10.7908433253 1.3075467332 12.8630136057 3.0134182972 5.2112858643 15.0972520985 16.1251044675 15.3481353584 14.7195776490 15.5855160025 13.9731306709 11.9816983248 13.4383489381 9.7736951041 0.0100051753
0.4870189443 3.9690581011 8.1964455795 12.8451166500 3.0159221102 12.5109800810 7.8064137671 16.1415299270 15.3428398227 13.8483289630 16.9612802688 13.9496357330 12.3001011319 11.6954087869 13.8452758079 0.0100162948
17.1805296891 3.9459084982 12.7670342809 5.8713398473 3.6278141233 12.6015627191 7.7973582248 16.1471476943 15.3428993709 14.5247921444 15.7406899545 13.9540444302 12.2351687876 19.5701560972 7.8063922622 0.0205684699
1.3052056757 3.9329234885 4.1698403991 9.9837426782 3.7296151229 9.0680128078 13.4812421846 16.8536930020 13.2738425702 14.7870565741 15.5530131630 13.9276566038 12.2247910846 11.6410195933 17.3397403993 0.0000270580
7.6467054853 8.7132340204 1.0202559623 9.9837407751 3.0763097541 11.8875058620 11.5424134954 14.0365204242 15.9995511813 13.5619213959 19.8091637101 13.9926125360 12.4095251384 15.2593939041 8.4431480939 0.0003157086
18.0201480107 2.8413164728 8.2178582475 12.8364165509 3.0256302317 12.5141699893 7.7125850455 16.1456253536 15.3490243499 14.5613304171 15.7264278445 13.9405325274 19.6359619062 11.6357548197 7.8538522806 0.0100083812
12.2360665129 0.2923837047 7.5891320912 4.9388703533 8.0009563583 11.9338594649 11.4646331311 16.8087755777 13.9199348492 14.8693679700 15.4939479520 13.9748546829 12.3433436182 16.7299432011 7.9118382774 0.0004882688
16.0293445877 10.2614388125 0.9966062730 9.9850228930 2.9626705749 11.8796924977 11.5005282779 14.3724655105 15.9997169719 18.2796704404 14.7692221599 13.9924662309 12.4170928817 15.0708029173 8.5324067504 0.0004621181
8.6522978359 7.1038853855 1.1581420536 5.7400006609 8.0001861373 8.9300149729 14.6340175248 16.8487312817 13.2907145917 13.8062220380 17.1712243569 13.9222044301 12.2371597226 11.6541155242 18.4255909455 0.0000230767
17.5894603707 3.8972786600 8.1493297166 9.9807681327 2.9445468674 10.1094608111 11.9323239303 14.0395293689 16.0030503103 13.6386727528 18.1979153805 13.9949168884 12.6041798181 11.8679860278 11.9171975506 0.0004822816
0.3043723350 3.9196905461 9.3113684588 5.1927717425 4.5024156673 9.4087617048 14.4359679115 16.8064870350 13.2219705112 17.7916892998 14.7870705512 13.9952182945 12.5142043877 12.2149565717 11.4452856360 0.0009541263
1.9153788274 6.8341641253 0.6265748986 8.5836157028 10.8417351668 4.5493206356 15.1002909415 16.1439680236 15.3325523292 13.7825112500 17.2062187607 13.9616248866 17.4270702164 11.6956057156 8.0096702627 0.0095670050
19.9732906824 10.5934128218 0.4761863022 4.9381971945 7.9999599102 9.6128532432 12.3101329304 14.0295153155 16.0017979353 16.5154711729 14.8993878293 13.9976112675 12.6657228694 11.9038349023 11.7334342650 0.0004676633
0.0929472178 6.9202364130 1.1227098204 12.8794232850 5.7161256623 12.5040590863 6.7410339734 16.1233148285 15.3447034821 16.7788482504 14.8518286475 13.9713600781 12.0740337128 12.6456765726 10.8874488611 0.0095727110
3.1643237935 6.7228250211 1.4472086048 8.7929121665 7.9699438196 10.4251945784 11.8041291764 16.8605679485 13.2019749857 13.7328935094 17.5048390672 13.9171147441 19.4154954043 11.6405584528 7.8994109949 0.0000742448
4.6555001683 3.9637057248 6.7104723626 4.9704449693 8.0000205930 10.2031435512 11.8913308245 16.8054529601 13.2097000107 13.5591963446 19.9114460153 14.0003231782 12.3298719103 13.3765366092 9.7647946219 0.0004240337
0.7112093350 3.9003970893 9.3113709767 5.0036593337 5.5518728670 10.1847379703 12.5374199266 14.0341903998 16.0002687537 19.3078729657 14.7519639368 13.9995441693 12.3757424407 12.3901700209 11.2079080041 0.0009540683
1.4534376577 3.9300689649 8.1353070174 9.9811428219 2.9447500405 11.8950952944 11.4342455755 15.5680678586 15.7812638407 19.0823914357 14.7566679303 13.9943035579 16.3676546121 11.8789296544 8.1608394163 0.0005208631
1.6751808630 4.1570557142 3.8466000361 12.8748525136 6.1312222704 12.5094022092 7.2111655640 16.1438785682 15.3376172712 13.7558042627 17.3200892710 13.9534622531 17.9458662869 11.7367381912 7.8811479583 0.0095656699
16.5993024888 0.2416992172 8.3984626932 12.7999377120 3.0318105877 12.5043391495 7.6345556108 16.1116461799 15.3583701227 13.8626543198 16.9178529641 13.9724115644 14.1555278621 11.3834113783 9.6394422605 0.0100168914
19.1163733403 12.2991363304 1.1112624555 5.0687222189 5.0302771552 11.9894199694 11.9755599009 14.0915885037 16.0314594725 16.6262318954 14.8828248224 13.9438978912 18.1952881506 11.7001568677 7.8645209538 0.0009680441
13.7825869917 4.8707939120 3.9043336799 5.8452844197 8.0009271076 8.8809309594 14.6140684240 14.5768722725 16.0285897268 17.5037752594 14.8014795995 13.9395670654 12.3167329693 11.5377794726 14.6547285240 0.0000261373
15.0415878053 2.5919609238 7.7064936061 9.9835515797 2.9526117037 8.9899265407 14.0090311288 16.8125087881 13.2275328706 14.5562447493 15.7573752833 13.9904012668 16.6643682497 11.8316539707 8.0696634871 0.0004726263
9.8823347562 3.9363552253 7.3174621642 12.8826897217 3.0318182439 12.5087512368 7.8284892534 16.1369593378 15.3396848017 19.2236590888 14.7425395505 13.9553552102 12.2769378704 17.1496247197 7.9554643021 0.0100045930
3.2555797574 6.7607992367 0.3866188286 8.0819179046 8.0002674523 9.4923250186 12.4155801506 14.1805922848 16.0029215227 17.4830178027 14.8029087211 13.9950147861 14.7311354029 11.4254058612 9.1373345022 0.0000530772
14.9865346386 2.7174885979 7.8852897620 4.9328353914 7.9995430269 11.7603996338 11.5559420532 16.8054488785 13.2061333692 19.2994676768 14.7519878403 13.9976568425 12.7141418803 12.2523960758 11.1321262458 0.0004743284
1.5932792380 3.8914930025 7.6493152610 4.9369782441 7.9999491042 8.9357529511 14.5711994401 14.0939643657 16.0307061296 18.0613137134 14.7764143864 13.9459229138 12.2881415515 11.7058670262 13.6878117384 0.0004803322
16.0654347284 6.7754317504 1.6734840687 8.0082087307 10.8970898802 4.6022258812 15.0996097114 16.1405298187 15.3322282723 17.6816945557 14.7810543173 13.9621552191 17.2819164046 11.7043549195 8.0367457888 0.0095719086
7.7064000893 4.0182197931 8.1812451758 4.9270299471 7.9966033200 8.9518952951 14.4637578056 14.0197286094 15.9995017854 13.6697683472 17.9175283013 13.9959060114 13.4869036457 11.6740384305 10.3763881298 0.0004827212
15.9697231627 12.2991454010 0.5318647716 4.9923038999 5.6858433449 9.4421098149 14.1725080180 16.8056850776 13.2069194859 16.1532601308 14.9648221822 13.9997269297 14.1386240161 13.4322866907 7.8460677591 0.0009528923
13.9345300074 10.0154392947 1.2596082443 5.0176439404 10.8945954938 12.5038885480 7.8557642757 16.1307450881 15.3372635129 16.4602111816 14.8946413500 13.9713693447 16.0082070008 12.2857056366 7.8697212140 0.0099875729
5.3616968163 3.1059055532 5.5318669842 5.0953062087 8.0001154105 11.9004020624 11.4273981137 16.4448303194 14.9874865960 15.7421222507 15.0735001787 13.9946825343 13.0833567201 14.9333075517 7.7373560312 0.0003260761
18.7582927453 3.9431011446 8.0931121932 4.9288236805 7.9980419133 11.8670437719 11.5418935223 14.0315271413 16.0036783960 15.4001832461 15.1969218225 13.9904933935 12.4172681408 12.0242489332 11.9792112275 0.0004818252
5.9050874082 3.1777660376 7.7479597351 12.8781234756 3.0482641655 4.9942800463 15.1026818415 16.1420571358 15.3363929507 13.5955313834 18.5832104717 13.9517872814 12.2607921246 17.3597848207 7.9352346738 0.0100177366
1.4897184393 10.1017700475 1.1585896921 9.9836799729 2.9658043645 8.9508785458 14.4281935858 16.8108853930 13.2449521705 17.8154216828 14.7863105663 13.9900369134 12.4917369612 11.9265848816 12.0652940966 0.0004536784
19.5006418676 9.6539169282 1.2020529063 4.9687983164 7.9999855212 8.9609969855 14.2335988902 16.8485113296 13.2936286313 13.6678256742 17.9369272155 13.9327563640 12.2383988823 18.8374124245 7.8219810342 0.0004412137
4.1140941576 0.8992263725 8.6863418681 0.7012270919 7.9823846503 11.9099646967 11.5329760935 14.0139444074 16.0000216015 13.7426454396 17.4553484600 13.9941608011 12.3530839973 13.0323008690 10.1733890106 0.0137369423
0.7162798049 3.9974423171 7.5544592267 4.9384803985 8.0000494482 11.8663486067 11.5447139377 16.8052462688 13.2169870999 13.6964184043 17.7271050742 13.9960630305 13.1967314546 11.7365629091 10.8253401232 0.0004670054
10.3817284619 11.2606627760 3.7595993128 0.6984677646 8.0055125745 9.3110665686 12.7451252684 14.0060222193 16.0005627239 14.7694274146 15.5674370860 13.9991158826 12.4227907161 15.2119598756 8.4531303806 0.0106194735
2.9133891279 8.0218546272 1.1384759221 12.8693664664 3.3717833639 4.7028073871 15.0982226478 16.1251174699 15.3501448448 14.5557232417 15.7334498786 13.9713378438 15.1294024533 11.4923743312 8.9104542984 0.0097107979
3.0736174625 3.5453318870 0.4762414718 9.6503785334 7.5404442054 9.9353128664 12.0253671303 14.0471854669 16.0033267472 13.5602483030 19.8089033879 13.9951634780 12.4485938812 12.0233065207 11.9154125698 0.0031661009
17.5936493486 10.2495296994 1.1281853481 4.9448398214 8.0000262044 10.6681547041 11.7158534834 14.0782590689 16.0179446357 13.6163668288 18.4654839709 13.9727617424 12.3410270993 11.7698358669 12.8717368239 0.0004646432
17.1042983453 10.2788987447 1.1997593905 5.0090907283 10.8930709870 5.2750950782 15.0971115441 16.1437818011 15.3262253487 16.1100986952 14.9600597261 13.9715697820 12.0449604341 14.3704244097 9.0142415653 0.0099948623
15.2737689747 10.0991289987 1.2031814027 9.9836894564 2.9647896843 11.8703729854 11.5463175718 16.8054423101 13.2042655697 16.5250174672 14.8980772775 13.9955051509 12.4703213876 14.7501091709 8.6833848494 0.0004528468
7.1260805497 12.2990451193 1.1060923127 4.9697061025 5.9665560667 9.3803408759 14.5991464730 14.1011690911 16.0377426070 17.6019744064 14.7959097321 13.9333190469 12.2623607569 11.6783558815 14.4402814414 0.0009702673
12.7707042628 3.9468657521 7.9964370115 5.0192776779 10.8898600525 5.0382802136 15.0971408417 16.1184043104 15.3478680090 19.1649833199 14.7435065665 13.9703100130 12.1013402815 12.8468146146 10.5322904827 0.0100247745
6.2247563901 3.9230439548 8.0735163257 4.9292144452 7.9982768922 8.9538770477 14.4392267661 14.0243435514 16.0002355752 13.5716168559 19.3641893225 13.9954880243 12.6329954967 12.1667759892 11.3841813835 0.0004795212
10.8843464338 11.4336552058 1.2735574494 4.9186826700 7.9871518041 8.8712067870 14.4287951764 16.7847410050 14.0886896906 18.2695972516 14.7716799623 13.9950646173 14.7844998813 12.6920890219 8.4180618315 0.0005211355
19.6294326427 3.8610359956 7.4541614700 9.9836360107 2.9582023935 11.3708103899 11.5826806086 14.1126037217 16.0486248113 19.2331445463 14.7521361629 13.9258963222 12.2271370810 11.6431805575 19.1046332944 0.0004802266
2.1619796659 3.8736736191 7.7532549911 4.9348707113 7.9998845460 8.9480906210 14.4597306629 14.0544924745 16.0055090388 17.9479663028 14.7805548038 13.9874332507 12.4623310569 15.9880463091 8.0799916920 0.0004742265
15.2418059571 3.9602451807 4.1554844709 6.0373069234 7.9995342050 9.7246197576 12.2054257372 14.0030502142 15.9996441724 16.3087486925 14.9339337314 13.9997012030 12.4380373800 12.8732726088 10.3576234935 0.0000143553
1.2163396490 12.2995791191 1.0000571628 6.5955353702 3.1767915648 9.3787630721 14.4911906939 16.8379997849 13.3528616278 13.6168267117 18.4505334526 13.9459373235 12.2688614200 11.6946326909 13.8403127826 0.0009668578
16.2021629306 5.3200576319 3.6699852608 9.9837969957 3.6766245997 9.5976745762 12.3354511162 14.0044120637 16.0002219568 18.0450391094 14.7770439544 13.9997092369 14.7334701877 11.6143944751 9.1147629025 0.0000110281
7.7467248163 9.2827881682 1.2575267417 5.2019486713 10.8965627057 12.5045291404 6.9923430983 16.1327326065 15.3353482625 16.9821751157 14.8303346223 13.9705384188 12.0152700503 13.3937290421 9.8194854450 0.0099503518
16.4168280407 6.0367394329 2.9001564389 5.9094559640 7.9993182142 10.3215375798 11.8335630715 14.0652610553 16.0547805776 13.6494087524 18.1263359010 13.9147678627 12.8056483566 11.4715629429 12.0466661346 0.0000133026
1.3635301874 4.1759076687 4.2453567026 5.6198474836 8.0008988456 8.9364373823 14.5829605223 14.0435552086 16.0010044269 14.3830333184 15.9506394025 13.9889055514 14.7454647588 12.3390161199 8.8328975568 0.0000217537
6.1930874743 3.8899550479 4.5172163259 9.9837770119 3.4484881145 10.7463278703 11.7030780110 14.0327203829 16.0009589013 18.5190186935 14.7643418591 13.9984837100 12.4477822608 15.2641112336 8.4174982231 0.0000657130
5.1576847237 3.9068021243 7.6301234667 8.8354594319 10.7089245205 12.5047422680 5.8096046663 16.1396915741 15.3332966708 15.0088863075 15.3797064537 13.9726611120 12.0699229589 14.8635870942 8.7391609023 0.0103694640