14.6258382627 11.1262889187 19.2472396409 8.9912671951 2.2513705791 11.3275217890 0.8271517858 14.8248409612 14.3951044506 15.8611090424 13.7827042194 11.8405824167 11.3000476209 17.9338814434 13.2552184708 0.0000180636
18.4274061421 8.2131480204 16.0123440549 8.9508553481 2.6457230084 19.9991336682 1.9075247264 15.1046828489 13.3963184881 13.9480493332 13.1900920477 11.8943380984 14.4542737758 19.8529774636 12.4465203542 0.0000182001
0.4332864673 11.8787699761 3.8674586699 1.5116571649 15.6127224970 7.9685291874 10.7491766300 14.3512257774 14.5989886606 19.7721697784 13.9999823889 13.0804758872 12.0739563356 16.3030122526 11.6173187929 0.0000111642
19.7127634420 6.8659043799 12.3627107199 0.5698714591 7.3538126976 4.9333660933 18.6331253312 14.3777538551 14.2671596018 19.5550251741 12.9656265530 12.4527906096 12.3091390473 15.7602247461 13.2153134236 0.0000096148
19.8915867069 5.8420912824 18.3166854088 8.6769401132 1.3256344585 4.9960466120 19.7519445846 15.1200958878 14.4465455299 10.9926423363 12.3378873054 12.8494036043 16.2396010097 12.4491817057 19.5393804141 0.0000176691
8.7649038171 13.1741528682 6.8291874341 11.2446103809 9.9503389498 1.6874515709 2.2452422433 14.7412499798 19.0941827762 13.1416685471 16.2355165900 13.2724044289 11.6014290282 10.3100607966 13.3475918073 0.0000090937
4.4372312630 6.7015561480 3.8830997512 13.1120640115 15.1138708836 1.4215778393 5.1216362564 17.5606152265 14.4836702719 12.0692552818 12.3262422131 14.9784641517 11.7045426624 15.2278234137 11.8881736727 0.0000144613
16.4736564894 18.2998012634 15.4886611849 1.4456279065 6.9480260502 1.7040315071 7.7438630918 14.1137574675 14.3188077685 13.9328844214 12.3086097667 18.7765632210 11.4759005289 13.9901323090 12.0042392805 0.0000283530
14.0462479234 6.9459277612 2.0078802386 6.0034527455 17.1393324285 11.7548952593 6.4667982526 14.4817609425 13.7269971550 12.2209302231 13.4380353078 17.6349929603 14.5066211483 13.5105465918 10.9599717094 0.0000181440
9.4532758389 15.2476464039 3.8671232464 0.5855288956 15.3017116222 4.4908218470 8.2137858944 15.5145893865 14.9197771863 11.6727192350 18.2762906672 13.6031490701 12.1335536308 15.2548849816 11.1737497631 0.0000148847
9.8115091938 0.1352217930 12.3574308610 4.1973763932 7.3757925031 17.8633637595 8.5507347168 16.1563835638 14.8961319947 12.6296036138 11.8388807805 15.1464660463 13.1156028840 19.5430651799 11.2687183980 0.0000194733
17.4481053908 16.6901855177 8.7624003606 3.1559535391 11.6239529384 4.7787802564 3.5061409057 16.0720329288 12.7738025355 16.0018128167 13.9444362389 15.8513846037 11.9017107452 10.4941185483 13.3407833594 0.0000219927
2.3711702062 11.7369340362 0.7362671291 9.9762813900 9.3255273949 1.7499278217 17.8387470015 14.8331953405 13.4915028040 19.4743804076 14.1189625857 12.4261570679 11.5496257026 17.3486220160 12.4336331909 0.0000136946
19.4469153221 13.6169494324 7.5510338728 17.6588103062 1.7829174215 7.9340976484 2.8011148008 13.7536774634 19.6107557782 11.4906776638 14.2360994563 12.7158883516 11.7905688839 16.4515926270 12.5915455922 0.0000193719
17.3246617749 4.1563960595 16.1953439935 16.2542494436 2.5026913003 6.5476120257 5.9965034601 15.0279598756 12.4670548927 15.1546641535 14.0027367187 13.7979854163 12.7242661962 12.1274537664 18.1723487770 0.0000148812
1.2850295586 6.6942280707 3.8595845753 12.6845318944 19.8235644643 7.0242829199 3.5280574677 17.5595005200 13.0133402923 13.2851808479 13.4280411729 11.8595105576 13.1696915984 18.1271804126 11.9338538522 0.0000236439
18.8845424872 4.1415487880 9.3713669688 9.1009306151 11.4256819799 1.6811459124 11.8060400231 16.2994306574 16.5486956741 16.7201211792 13.2897540045 13.1346906833 13.2518909319 10.8207403297 11.4418957559 0.0000068028
15.2778101229 3.2160455513 15.8467141556 4.6248481779 4.2307939026 3.4920891651 12.8270164692 14.6229958792 13.4378851349 12.8625563458 17.7978616135 14.9770437146 11.2258327856 13.6882676679 12.3782900843 0.0000194147
10.7503438672 3.9848803308 9.3284372943 11.8505129164 2.2711796792 18.2389439553 9.0802783607 16.9053383108 13.9054604381 10.7381840024 15.0011080299 13.2410704592 12.9463860503 17.3812948090 12.9181005372 0.0000135451
16.7077902458 3.8947310528 12.9037755746 8.7473116502 16.0172081318 5.4834268682 4.4103508741 15.6606525037 14.3597674421 11.0108098744 15.9143421779 14.3456717482 11.8902605251 19.6513418898 12.6466396207 0.0000119515
16.7879195210 15.3611592634 4.1614370528 4.0715156030 1.5999847521 13.6667573524 5.4249201138 14.0067755822 14.2433240688 12.8020286232 15.2510248271 18.1917861453 14.2128725743 10.7903558440 11.4504988968 0.0000287215
13.6860574216 5.4241578023 8.6594323133 3.6608492981 6.3579269381 13.0398908240 17.0997183164 16.2137383398 15.5220566795 14.2521770498 12.3641187666 11.7328723303 11.8614795402 11.5213063031 17.4486374568 0.0000260383
16.4276408065 8.5352043779 11.1505385444 2.9916605417 15.0122598982 1.2203041797 10.1082947032 14.2315152404 13.1925945735 18.6486248624 14.6682916584 12.6661989951 15.3532288965 11.4591830539 11.6431024649 0.0000235621
13.5569031978 5.9062756667 14.9323281837 3.2542254740 15.4978548534 4.9565087990 8.4128113792 14.6821030903 17.5012129088 12.7122097730 13.5587654157 13.8975377747 11.5985374738 12.0448725201 18.8184779660 0.0000264958
3.3149341484 10.6804087908 19.1958847064 4.1499249370 8.4662941576 8.5386180064 0.8095305555 14.0430990120 13.1957434808 11.6717112222 17.6357582783 12.3887416029 19.0567919730 12.3291606306 12.9497781521 0.0000331193
10.2195961026 3.6037760721 10.3599969378 17.8863605208 2.6291553796 3.4102257959 10.6869966957 14.8040721088 13.7882856989 11.2751754971 16.7430835806 14.2776025323 13.3539491764 11.0894929192 15.2922132762 0.0000203140
3.4534198745 6.9353591833 5.8320856119 9.0538833910 13.5038695905 14.2572220570 1.7344858063 16.1430026447 12.9828226132 11.3107295449 12.8148167477 18.3332953717 12.4653899456 11.1382968195 15.8542908985 0.0000286472
7.5668729794 4.0071285026 4.1860704755 5.7584196549 14.4558541100 5.8269129630 13.2914340125 14.5893419515 14.6013276317 11.8718366111 19.9977807454 14.7990869752 11.6708423600 13.9312743890 11.5879480550 0.0000062721
0.9968186485 6.7500008707 1.6396722375 11.1443931112 17.2345240572 4.8459420955 10.3151806657 15.5063724124 13.7604881936 13.9616693556 12.4900301583 14.8552311336 13.0071158538 19.0096039612 11.0862999202 0.0000102356
17.9928252263 8.0049995545 2.6630871053 11.1608480035 1.8117146041 13.0777318864 10.4297083123 13.2175488372 13.8031708373 19.8985244954 16.0125890584 13.5505155625 12.3723170888 12.8307878878 12.8985639931 0.0000181072
19.9790286590 12.5096897935 11.3682129951 4.1852037582 6.4463314230 17.0272429971 0.7084052296 14.2097195939 18.8662992670 11.9944215565 12.2454083803 12.9027305716 15.1006302530 12.2575228721 13.6608096784 0.0000076433
9.2544791531 12.4764396140 3.8105490481 17.6144940071 0.8405403977 9.4124446840 5.1183797759 13.3285253624 13.2312050446 12.9780713295 16.6022668137 14.0969652546 12.9916690487 12.0038216734 15.4145851285 0.0000197467
15.0511497650 4.2446415675 6.0055350815 12.9351002583 17.2894320040 6.9960613222 4.4154545891 13.3523997879 13.1796313433 14.3233830933 13.6175625964 14.6344181510 13.1061033685 15.3100808351 12.9982056655 0.0000211722
19.6931212137 8.2654246899 7.9580010188 13.4693082127 2.2881088615 12.4776418366 2.5127214102 13.9843751962 13.3069884225 19.5354687611 16.6156485723 13.6593053342 11.4241409054 11.2012650934 13.4540389939 0.0000257703
15.1061069686 6.7634551650 3.0084606514 16.3973834716 8.7588773385 1.7169723098 10.7720496404 16.7662860805 12.9190186899 15.0903655411 14.5104394646 11.8277050489 13.1865119032 13.3770275275 12.0295429775 0.0000177242
19.5118685327 10.1037630351 8.4118634559 4.0517324865 0.3106663131 15.0810256156 14.9009054265 14.5286767348 14.8810075214 13.0169048028 12.2508639128 16.6527954946 11.7888413679 11.0228297682 19.2778368825 0.0000163576
9.9692076132 10.7292494430 17.4035996745 4.3119684834 5.5824268419 13.7310985805 1.5210134839 14.4847486242 14.5947563806 14.6075251008 12.6911783945 12.3373489231 17.1260468526 12.2094646567 13.8460738754 0.0000098929
4.6429654795 8.3479215100 1.1475219729 17.5033018003 3.3859210672 18.4765943604 5.4407445609 14.7101199859 13.9487888469 13.0177144088 12.3177784127 13.3901436781 11.2342839077 16.0600034011 17.9359920636 0.0000220530
10.5120937216 6.9638168043 19.1443735696 1.0367713014 5.9601299199 4.1206366189 13.3728696003 19.1656081545 13.5255845810 12.0215581321 13.1484012553 13.0920079418 12.0088965965 12.5684697387 17.8287196675 0.0000118687
1.4133157785 6.6933221914 9.7893422372 11.8745324065 0.0077256149 9.4885823210 8.8558221498 18.1718322274 14.5483677455 15.5415040707 12.3955814821 14.2087181021 11.1045612223 10.6636654136 13.3457842698 0.0000192941
13.2099879838 13.0003467470 11.4966628933 2.2025580228 5.4421318040 9.2737526105 4.1794147603 14.0547453538 13.4526433833 11.6441902454 17.7460964597 17.5568914959 13.1687521705 11.9230178428 12.3153947275 0.0000248976
10.9984039857 19.3774922388 1.2544773423 12.7129692928 5.6327291844 1.8741541947 9.4268519667 15.1212066246 16.2259846795 14.9037084509 13.6949347032 11.7583356068 12.0964639052 12.5323549570 14.5654411331 0.0000227766
8.6428101950 11.8320977272 9.3121882839 17.9535777763 9.6090510721 1.2452549427 2.8271374753 14.0550771370 14.9040462403 16.9757517468 13.1915663574 13.3878262300 11.4670974558 18.5329189178 11.7603976054 0.0000139203
4.8688016111 4.1336876709 16.6170365904 4.1362396479 6.9216296590 6.4463299053 16.2757005749 14.0231394518 13.5813278776 11.5603026852 12.6999189424 16.9657677477 12.0148549280 19.0869142757 13.4355254673 0.0000236577
1.8818056187 8.5343262784 14.0059128058 6.8527401286 12.3877411543 2.1620072857 1.8020722291 15.6894893877 13.3384390917 11.5967165537 17.0036104363 17.4186143795 12.0164335163 11.1113085234 13.3146268950 0.0000122934
12.3296163745 2.9677135924 16.5790394875 8.8741857031 15.7437151052 1.7501565701 7.5748896208 14.1313089679 13.6042686296 13.9605709137 12.9461925624 12.6683724662 15.5103881050 14.6455559020 12.1617122980 0.0000121452
8.9538872968 7.6832073205 0.5339872401 8.8918697026 18.7654123053 2.3607548770 14.2377175290 14.1098304029 14.0973174688 11.5384691273 18.3418577052 13.1726100072 13.0451996881 17.0125320588 11.4916196016 0.0000261902
12.6377504483 11.7610304355 3.6996848252 0.7491521140 10.3943581501 19.3406717121 9.2910895401 13.9121866690 14.9180151791 11.5659845884 16.1301517219 13.6946642407 13.5168829145 15.1930397016 12.0663576595 0.0000054931
16.7888833342 5.3465540906 3.9481616692 18.9404929390 2.9827772405 10.8647679832 8.0700973775 14.7756622329 13.4789187814 12.5487404887 12.4564011568 17.7151742023 18.0800450585 12.2204455374 12.7241459188 0.0000102048
2.6537825304 17.8191390353 3.4268561914 7.6571071871 0.7091369985 15.6924390099 9.1975363027 14.1042447587 14.0849054963 11.2244668840 12.5345869905 18.3638910800 18.7422315578 11.7875720894 13.1368279761 0.0000209721
6.0406839381 15.5683783073 13.8982084872 5.9631384120 2.0655251167 1.0912354123 4.4480796639 15.4990485251 17.9047879965 11.6549135963 18.9551049137 12.3636886351 11.7141812086 12.5519718122 11.4448504230 0.0000284599
11.3662103066 6.5794496114 1.9874357486 17.8836908236 6.2259898434 8.6498308511 10.2775147134 14.9487921403 16.3557106550 13.0216118667 14.7981473189 12.3153178887 19.2148303397 11.0494395453 12.7734015285 0.0000065243
6.3004078180 11.8257407736 8.0043615151 13.0332220105 1.2500513008 0.7975403889 18.1496949892 18.1462036145 13.4259886109 11.7263047803 14.6192559061 12.3550191747 11.5544520099 11.7824638962 18.2309763012 0.0000123593
16.3548502746 3.6208838368 17.0384900130 5.1183505147 2.8702883939 10.5091749317 7.8757591118 14.1983750647 13.7285074952 14.6966273577 14.7114668441 14.0225311055 11.5973913938 10.6313760802 17.5950654695 0.0000292871
8.1291654091 11.9791646503 18.4315261718 2.2695603201 10.9844863567 1.5495890039 9.0410527023 15.3448218092 13.2610202942 17.1200275783 12.4694286438 11.9441190343 15.0322522618 13.0052480136 12.5601035684 0.0000250047
5.1701203399 15.3519268077 8.1363600529 1.3813777649 2.2700401157 6.8366390965 18.3842898549 14.6770790271 14.4616704081 10.7720281606 14.0443492042 17.0292702923 12.7255064186 16.3512518949 12.7083233970 0.0000123057
12.5085818997 8.8284886411 3.9269454360 1.9293949058 15.7191370790 12.8699120226 8.3738516539 15.0126127632 13.8760937287 12.2960189293 12.2170264179 19.0284865437 19.3104717307 10.5307902770 13.0515910115 0.0000218423
17.0394562012 13.4339451783 10.0930975084 1.4687232785 2.6478663913 15.1118758326 5.8970184714 15.0305411535 13.4264259380 13.5814378648 12.9429136334 16.1602484980 11.6550994061 16.2999797915 12.2002191043 0.0000186956
10.6480383262 7.4328876059 4.7086706504 1.1704076442 15.1596072268 6.6225403187 16.1585755754 13.6644991557 14.0026418536 12.3149028982 17.0232424513 12.2758638305 14.4519681287 13.7532093215 11.7939086515 0.0000297399
10.4869824577 4.4839970724 17.0223891716 5.6551311338 10.7387465163 7.0633954168 4.5701740153 12.9243747745 15.3647430048 13.6465870664 14.6723127855 14.4555706855 13.5499495853 13.0281570220 13.7147466552 0.0000153883
16.9479574378 15.1499133797 1.2481338788 4.8434958374 3.1425752879 5.0699289626 19.9522950921 14.9082514895 14.5365214491 15.3363070370 13.8131300993 13.4641029278 19.8518171311 12.4813881708 11.2074974628 0.0000170381
17.0745767499 11.7753836463 18.2507180061 7.4667054136 2.0972737324 13.0072582757 2.3219528492 13.7852106961 12.8806719483 13.5293493079 15.4452829511 12.4500597107 13.6179542701 12.1309003417 15.7013898253 0.0000270785
3.3060140364 4.5351297186 13.1681238176 9.3156401094 14.8992876536 5.5835946743 4.2313341282 13.7662450503 14.5034730784 15.0915048441 15.2534687247 11.6445724776 12.7813822437 13.9668154510 12.9479029853 0.0000214249
6.7812014139 12.1227032694 3.5959267417 12.4780406366 0.5164032282 4.3685688091 17.8382511596 13.3931689699 15.7267819574 12.4855378970 13.2686637427 15.6089415682 11.7374103364 11.6467731142 19.4118412911 0.0000204759
0.0509669941 3.4910023560 16.5767270641 16.0358394449 6.1967856178 5.7432172420 4.2852831143 15.9113958368 15.1552334847 13.2901644119 14.4034439504 14.1680176801 13.0867847535 9.8757697980 19.3234234336 0.0000456754
0.9523467766 7.3105831408 13.0054777239 1.5436222936 4.0345419959 15.0632320325 5.9813433598 14.3708700751 15.0206117609 12.0859114014 12.9425528939 18.4176629812 11.4901461836 19.4971418485 12.2675136869 0.0000183005
9.3839448174 8.5724734225 16.9965306364 1.7985274074 11.6822107831 6.6803300666 4.4932443060 17.0476171671 13.6019273071 11.9245124831 12.0658641954 15.3248554403 11.9428209154 16.0919740722 12.1224011935 0.0000254854
12.2381404782 3.7054430434 19.3435961664 4.2870079583 10.0770655903 3.9464459374 9.8423251443 14.1227960169 13.3700801269 12.0015775581 12.8732927373 16.9761493582 12.0309357420 14.1727106085 14.2540667628 0.0000334233
19.8109865181 9.1356714387 18.8983362855 2.6035425341 2.0731964513 4.2094459301 13.7919656002 15.7077796059 17.4655278983 12.0129656022 12.7781946073 12.3203309628 17.2469737251 12.5739341213 12.1715207542 0.0000079222
18.6686025458 4.0054308082 11.7124642865 9.1191876347 16.3560432364 1.6748695116 9.6859829187 15.1798854659 14.7264672164 16.3451297247 12.2036649268 12.1872370586 12.8791510778 17.7066986164 11.7504164736 0.0000200474
6.5341766186 3.9742487160 7.7812447817 13.8324560853 6.8021236267 1.8615411324 17.2404442911 14.5491250202 17.8821580290 13.5997626935 13.5538142458 12.0008921154 13.4557766624 11.1235788071 14.5516727466 0.0000228657
7.0520393611 12.2700958807 2.3183075656 3.8266705634 15.1294914233 4.3185965695 12.0646380338 14.9204314986 17.1058734850 11.2904358077 13.3799925644 14.8309094327 11.9536873305 15.1655365160 11.0896525439 0.0000210277
17.4570005591 19.8190782541 11.4291645975 9.8336329872 0.8084273977 4.5707052732 3.8429393019 13.9731058514 17.1456961094 11.0287766514 14.8696608995 13.5758370233 15.9708388108 11.5511762609 12.3225778792 0.0000156687
4.2285788858 10.8288888794 17.1910766303 11.8104301372 1.7411305682 0.2541506789 9.9186748556 15.9106346342 13.4402517364 16.7773858171 13.2450727057 12.2016520514 11.7074033203 18.4425296498 12.0488006035 0.0000207458
7.6837765747 16.7243497090 4.1080125007 5.9852736406 0.0090776889 16.8284820024 8.7177119632 16.4534040582 15.5274967778 11.0399196066 14.7775376298 12.5186866476 13.5543990025 14.7955359046 11.7961914533 0.0000135319
12.0339953024 4.8769473400 8.6940009724 6.4622960748 12.1285481089 13.7467412945 4.2534695639 13.5320470205 13.4342760601 13.1752881827 15.5333658321 15.9383484076 13.9160696581 12.4487274721 11.4355036941 0.0000262314
15.6158425592 9.7592426755 5.8655937518 17.1225523178 2.2024935460 0.0195704697 14.4505524056 14.2242175970 18.5334218299 11.5521712085 14.7058296032 12.9014760938 11.4858986285 10.9423013662 15.8249428846 0.0000218468
10.3674457987 3.6072114040 3.9205345457 8.9789929209 13.6216832663 4.0713283384 13.3580809455 14.0564185486 17.9911005456 12.3787551899 13.1450972903 16.2662941394 11.2953877160 13.1137780755 11.6561528506 0.0000158921
7.6983446940 3.0527600007 3.7702503877 12.7094764497 6.3100938047 6.9256490428 17.0346900170 17.5890033018 16.2187041458 11.7693865948 13.7115381147 11.6872796175 11.7492824565 11.4220502491 15.4149085964 0.0000149955
19.8921774087 11.6011184206 14.6486049259 2.4613923561 19.3187462305 6.3526119577 4.0216101074 16.5891345910 12.6322929713 12.1139002304 12.6180748297 14.9669318891 15.1109861278 13.3205391991 12.0680742642 0.0000226059
19.9118482975 5.9240399264 4.0979541609 16.8616702483 7.0678520851 1.5246351376 14.7313146199 17.3107554050 12.9690058772 12.3696319119 15.7240799062 12.1737449545 12.7148484036 14.3251844677 11.5625996187 0.0000251249
11.9155835774 6.8572038852 7.5133141408 15.1513502996 5.8166642928 14.8808106150 1.5620420920 15.3433713541 15.6305502094 11.1243394485 16.0458836175 13.0210488303 11.3960325789 11.8960176867 16.9777516857 0.0000104987
7.4911969976 4.1283050128 17.4265351298 9.9940203714 9.5567711168 2.1677696280 5.4767698464 14.8708735503 12.6378585238 13.6929168271 13.6726851176 15.6891075238 11.9336856593 11.1313079426 18.6285377778 0.0000192884
18.1507743930 4.7479868769 3.6936789079 17.7210735297 14.7248702790 5.4055362815 9.2497962725 14.1088320152 13.2454307757 11.4040311934 12.6795550905 15.1700439392 12.9068243357 16.8043454116 14.2145404602 0.0000226705
19.7030495289 2.9844479943 7.7302701089 4.2383328814 12.7699641037 5.9216201335 17.9755389566 14.6271109979 13.4554563812 12.8934238520 12.8294582357 18.7513409454 12.1037815007 11.5693582815 19.1551779374 0.0000080220
8.1216873090 9.9335432068 12.4246209029 3.9844474274 18.5448207856 0.0118237024 8.9953360673 14.6897982139 17.0280908656 13.0305920403 13.4302958817 13.3590378322 12.0321294879 12.5469690474 18.6199932880 0.0000146443
19.7126982870 10.3398355353 17.0908787739 4.2149043613 5.5192776106 11.1617172530 1.3219434158 16.6255199919 13.2929764742 12.6760586521 15.7794704351 11.9191399057 17.2323409808 11.4867934700 12.2778425470 0.0000244386
13.7299493415 9.8960514810 6.6972467490 3.5778127187 11.3147940506 0.5428614163 14.2554193220 19.1724596045 13.0189567961 11.6894063161 14.0575910916 16.7859827716 11.4402166487 12.2202889176 13.1129773058 0.0000223309
12.0751293454 19.4606873194 7.5802672352 3.9612827874 11.0085539792 0.0060690993 9.1521977475 15.8738888201 14.4924385746 17.2132597517 14.2816651971 12.3140194574 15.1388963123 11.0647795270 11.7025616531 0.0000053849
9.3555223836 11.6392760427 17.5684794514 6.6840161706 1.6259780883 15.0192505846 3.0854322051 13.7948600979 13.0573667404 12.5053527796 14.6004601113 13.2209008979 18.7262460769 14.6414609572 11.8277977202 0.0000259573
7.5000022066 18.2870413566 2.5155992368 7.2946979436 16.3266060285 1.1531868221 9.1865704760 16.5680250931 13.1720615018 11.8112881926 15.1161000861 11.8753307798 11.5911666574 12.8805838295 19.5749634677 0.0000283619
18.0877609922 13.4230530714 1.7168059388 17.4671360686 2.1018517731 8.0054371621 7.8171010660 14.3707710153 17.2789045961 12.2234461484 12.7585950027 14.4778209328 18.6143206460 11.1803842124 11.8557579540 0.0000203111
1.2713167160 6.9460179693 16.6914694728 8.2802594677 4.5193463809 12.9611551742 1.8270493628 13.9331451481 13.7809622063 17.2608817124 13.1411895487 14.0167270455 11.5206791481 16.5117220345 12.4633261109 0.0000129284
8.8799202914 12.4731782731 11.2394995368 14.1912215083 0.2564746382 1.6977985280 7.8592913652 14.0212123914 16.2750489806 14.4821789115 15.4072294268 14.0946813515 13.1306382840 10.9956266346 12.3003915285 0.0000164075
12.2586104771 5.1723369856 12.3611325018 9.4521466304 3.2414093110 17.5779438065 4.4302950049 13.7696721398 16.6158499260 11.7626047533 12.5390951110 14.4133850081 13.8658983402 14.2989430084 11.5840868828 0.0000240926
13.4953132489 11.4944388875 4.4441428231 16.6330344341 15.1632646568 2.5272768599 2.1275476636 14.3898706647 13.7255913882 14.7010952898 13.2568006061 12.1873492106 13.8507568979 19.3023257788 11.5070379838 0.0000219907
11.2880716060 17.0805732771 8.0294848545 9.1494190609 15.9772194512 0.5001528362 3.6335682052 19.1988497282 13.0563545158 11.5025470042 12.3367551690 13.9926348795 15.7619968036 12.5054221493 11.9140170141 0.0000303551
4.2316916572 11.9371495738 13.4890469455 1.6558149788 11.0509850906 1.8302668764 7.8922778969 16.7438015126 18.6412671061 14.1619921773 12.4020571670 12.1723625372 12.0630733047 12.5324885527 12.3049626097 0.0000185494
4.0346535633 11.3741454908 18.5536439686 14.1059769299 0.3087715322 4.3200921977 4.2025458923 14.2436388660 14.8026104532 12.2149709859 17.3576141377 12.4016621521 12.9526321701 10.8545404008 17.5144390963 0.0000081598
15.7560269308 5.5024238864 4.6067923352 5.3893572194 11.1830023413 10.6070411011 4.7335578947 15.8896158734 17.3043523668 14.1455951970 13.3046220535 14.7933657786 10.9046371506 12.5773501634 11.2690804460 0.0000233224
8.5119522942 6.8490520871 0.7256929147 7.3829577410 19.8574373232 14.0617639107 7.5472670433 15.0019683830 13.9655926309 12.5886537094 11.7922177276 14.6363307670 14.8623283601 16.1586383615 12.0931166763 0.0000138951
9.3853905534 4.3343491747 16.9861288957 13.5966115661 3.4872458875 3.4509016241 5.2599282855 16.3933226645 14.5595566181 11.4035540705 12.5603837596 16.2667256287 16.0091554029 11.7308596497 11.4113963934 0.0000206824
1.6269117373 16.2884836663 3.7609855434 7.7516026288 7.1796778391 15.2470627673 1.9738416256 15.8387419338 19.2562241197 11.0336083620 13.0382759913 12.3805044523 11.7986763188 17.8436571132 12.1367035010 0.0000226410
10.7901226539 11.8916695563 3.8140234318 18.0811527165 10.8764633139 4.8990556314 1.5504670707 17.0774875696 12.9467928234 11.2681886462 15.2564024040 12.8469641144 12.2526369138 13.1328769579 14.8034410294 0.0000097312
9.4171790634 12.5984779806 2.6048487991 12.8524898997 1.8294049111 3.3311898336 11.6766336306 16.6159665815 16.1101706940 12.0845917756 13.2684863517 19.3308451863 13.1237662301 11.6558680667 11.1179284707 0.0000113065
3.7663723420 3.2464653539 8.4197106847 4.1139557724 15.5910292264 13.5492920638 8.8938978318 14.5877801487 15.3404056410 14.2677765699 13.4140128364 11.6450440745 15.2438830952 11.1865039464 14.2303001507 0.0000132979
17.6395190079 5.2809649927 15.5467287918 9.4988903549 1.7697419078 8.4553636610 10.3096928971 18.8119945866 13.0596477919 11.5997443488 12.7445934946 15.8522587216 13.9633467156 11.5209497056 11.8113526372 0.0000214499
17.9063456802 4.9444834240 17.3248544174 8.9681642074 19.5944092351 6.3454958925 4.0871152446 13.7732180225 13.2675914769 12.8841968455 13.1946819883 13.2713997312 17.6387641357 19.3221848308 11.8475480672 0.0000282869
12.9594753351 5.0610197847 3.5555637245 18.4638052975 5.8222623506 15.1731953904 9.2366917276 13.6922236463 14.3769285497 12.7336467989 14.1933644387 11.8566587334 12.3932175399 18.2930310867 15.8477971259 0.0000226335
7.0386891851 10.8269229339 3.5872000808 2.6598249755 11.3707534924 3.6524443963 18.1654854705 14.1381002276 13.3825133609 19.9618678018 13.6845311657 13.2964463331 16.5984853955 12.3386001726 11.8312887421 0.0000151151
4.0321790531 2.6949072081 4.8758539109 5.2524646924 10.6938152676 3.2146989026 14.6649727793 17.4957380102 13.9961178961 16.5602841449 13.7036420259 14.3788641467 13.0998097676 10.4085802590 11.3506547133 0.0000215707
11.3306446698 3.2419808118 15.4507162836 4.2385377558 15.4022462680 5.7276654047 9.0636325420 14.5634051414 13.0577567163 11.7627473068 13.7427008831 16.7691038089 13.1985747717 17.9095542987 12.1320844902 0.0000148735
3.7560872962 14.0392281846 3.4622526262 10.0560819757 2.9784585565 18.2515964256 3.2932268752 15.1902342723 16.6416557232 12.1639509324 14.5185624621 11.6443384530 11.2216878085 19.7809986891 13.3149206100 0.0000177791
5.2859234162 17.2466479071 1.7290757741 4.1282206687 19.8285460394 4.5739916945 9.2879397470 14.1925704568 13.3850759936 15.8961824439 12.7082720691 12.2027123217 12.3904417507 14.1437231160 14.2681287745 0.0000344234
15.2154524095 15.5218122325 5.0570570057 0.5232743266 4.6694353621 16.8964224910 4.9743811539 14.3056057072 13.2399985706 11.7988708475 14.2162222192 16.3606911102 13.1456592607 11.4995531090 17.0711690569 0.0000326679
15.8925971295 11.3994026110 17.1996743444 0.6531933999 2.2744736662 11.2561839184 9.0434898678 14.1405087286 13.0308559857 13.1446377583 13.9347687553 16.7122984886 11.9673283835 11.1590139306 17.7599974839 0.0000263069
8.7632139579 3.9689264641 17.2130587494 4.1441874158 7.1226043758 15.1198388362 8.5897771627 13.4974173081 15.6242709417 11.9019410912 12.7414527849 13.0920871342 17.5051998781 11.8253662419 15.1844614888 0.0000212703
3.0967108863 12.4893673353 10.8003567832 1.9752015226 15.6215916566 7.0236717619 4.2451962494 15.6902700296 15.3562006843 12.2125036677 12.5876807049 15.9927198359 11.1230996156 11.3358762328 18.0838220421 0.0000097305
17.0288317383 19.3048643846 8.7788246428 3.9329087240 0.8889966965 3.0024348660 18.2050825111 16.8667860668 13.9186522776 10.8761095772 13.1725384962 12.0690048973 12.6895178126 14.1106200249 15.8205003300 0.0000236017
7.7783896488 6.9632932112 8.7865126098 6.6441346188 11.1025091670 15.1672548865 1.5913498201 15.5837143948 14.8757524392 16.6973561716 12.2657377245 12.4551042469 12.8396270275 15.1018573291 12.5272812871 0.0000062883
8.3782069313 4.7967936049 8.3993587092 4.0909053398 14.7599598793 13.2900510551 7.3658060756 15.3332353627 12.9833633779 18.5576838487 13.8462596214 13.3948380706 11.3197841022 10.9228081707 18.4759057805 0.0000291895
18.6617733300 16.8014967767 3.9347715769 8.6519948790 0.2698359885 13.4070251987 6.0389878075 14.0925438643 15.5812932971 13.6498661637 12.5643353476 18.4787626658 11.7125263787 10.8247591894 14.1525365026 0.0000154988
19.1623144447 3.7406494004 17.2367278884 6.9362327206 17.2086866497 6.1719275410 4.3501988826 15.8151097064 14.1661592010 12.2533811341 12.9262475134 12.8121428145 16.7470439279 19.1272249517 12.2069288919 0.0000171926
16.0935782695 5.6112598213 3.4335599142 5.4982763795 13.9439938296 19.9651971792 8.7629037782 14.7686836715 14.1046091710 10.9178862983 12.4287589043 15.4426852761 14.1442861350 11.6373203227 16.5636156196 0.0000184483
5.1224829644 0.4137570305 17.5063245637 4.2915785367 4.8802149890 13.1452927370 9.2436668700 14.5858506948 12.7909048611 11.8988961986 17.2300886769 12.3785979226 12.7779141318 12.5902813899 16.8760668878 0.0000247082
4.6014692877 6.1023457024 3.2419876611 15.3205855704 16.1423226206 2.2914746423 9.2609138713 14.9512690430 15.4102067224 10.5910179656 15.8835553890 12.2153786219 13.2298545424 13.0374666902 14.6661232608 0.0000162278
12.8895177365 19.8739228151 12.3770060959 1.6461812368 2.1868064344 6.6104131401 7.6379134474 14.7386745210 14.6023718037 14.7980361753 13.0796631700 14.7395381809 16.7284974939 11.0248201003 11.7569337676 0.0000186267
14.7197556861 7.2229652532 19.0918332081 0.5867322948 3.4105127634 7.1500532493 12.3728360464 14.9952016469 12.9917641302 15.8461661506 13.8162385442 12.2717498294 13.4135471051 10.8463882483 16.1791973417 0.0000228762
14.8860744908 2.7642972128 9.6812922282 10.0544506738 8.5383804171 19.8543567934 0.5255657122 14.0635754223 15.7746399500 11.2193531356 14.8838268965 14.1050531771 17.8836974490 12.5614586041 12.4934002949 0.0030936662
4.7584902147 16.5696625966 12.1341354164 5.0776156268 2.0945019160 0.4415805914 9.5051269534 15.7433725466 18.0549627381 11.3339391650 13.9830094018 16.4983502740 13.0226715028 11.4683872689 11.9655857162 0.0000077756
8.1694661296 6.8608556180 6.8815321921 17.6420051263 5.3758899388 10.5255250989 1.3102276075 15.3688406906 14.3731722707 12.0573069469 14.0158498617 18.9332423150 11.0963563684 11.3125836859 16.7453775249 0.0000054885
2.5265719109 3.7285003284 8.2131148303 4.1434587718 10.5825474280 6.9884650625 16.0079540351 16.1967289169 15.8858572325 10.4301887639 15.6856398225 14.5382069797 13.7167042309 10.7735051009 13.0101988931 0.0000163428
10.0387758963 10.1147724395 15.3955471479 4.4605016177 14.7975501747 3.6954349762 2.0698383031 14.9513725060 12.8372775131 13.5711588845 13.2598419179 15.9744326867 12.1244883845 11.4895806564 18.3939660539 0.0000142950
19.6692768610 0.5812740155 5.8234419017 17.8373119441 8.7706435656 1.8511923143 10.6859502993 14.1657145343 14.5400335661 11.6224824435 14.1055132547 18.2176922867 17.1989506135 11.5176665425 11.9644761564 0.0000059985
9.9018182093 10.4232437923 9.9744756968 3.2211195035 14.7397079200 8.4496514852 3.4130937596 15.3605705534 14.6311379888 13.6420094137 12.4520801415 17.0839420425 14.9448680704 10.5384012088 11.3859950119 0.0000203978
1.1460472498 10.9645320003 3.5684037695 2.4221440741 7.1587707791 12.7203057962 17.7047811335 13.9838892310 15.1032108949 11.1788792412 12.3688286080 16.9040773458 17.7223795263 11.9283041846 12.6810290181 0.0000269674
0.4932489830 12.1545765653 0.5643421312 6.7670513742 2.2587626011 15.9707776166 12.8107042078 13.6474337364 13.0536705319 18.9853411876 13.7329254061 12.7261612724 12.5774819815 12.9533448966 15.0846111624 0.0000242951
6.4891830536 6.9861349969 12.9943478532 19.7366330751 4.5904718135 6.4909533077 1.7108299734 16.1246370104 12.8894234429 13.4936110211 15.0622776220 12.9359264488 11.5433954649 14.0220942793 14.2228921272 0.0000098512
11.7216307123 11.4982108451 13.3291026346 9.0434550485 19.8865294068 1.6188856884 2.1399852282 13.9604509111 14.4521328793 11.5755233788 16.9756565672 12.3602794122 11.8062815631 12.7017169051 17.7660596983 0.0000222809
7.8403649772 4.1918943923 8.5227885246 4.1367550299 11.5908979393 19.4401235725 8.8757114553 15.2426497417 17.6643902061 12.3107594869 12.9683779741 12.3690001947 10.8944679354 14.6184447274 13.9725801509 0.0000201796
5.6123094686 9.2253501330 4.3452645352 1.4890483056 3.8804131556 17.7696268970 13.8880884400 14.6102866248 13.4534976265 12.3102365152 13.2047807746 17.5690828950 16.6815231333 11.3021070244 13.3971113267 0.0000116762
3.2728464977 10.9592241718 13.9153092239 4.6120258352 18.0766103792 3.0154526335 0.8613969537 14.8273093390 13.1351194219 18.8437489263 13.1518309689 12.9262335631 13.9858690273 13.9558023698 11.4346787465 0.0000335276
15.8375092760 4.0125878005 12.5359093384 8.2977098291 7.2836021735 1.8437500865 14.4389576512 14.6034513070 15.5340602911 10.9758673103 15.8702352884 17.4324910194 12.3387932780 12.0913667441 13.0683535257 0.0000202187
5.4826640790 7.5171076753 4.5300603584 17.7841508650 5.2942025351 13.0665740358 2.2929851628 13.9643630752 13.5275461309 16.4983805999 13.3167410383 12.6103235690 11.6174085086 19.4271310687 13.2931896818 0.0000183704
3.2291644980 6.9479763939 1.2791233895 17.2099491782 4.6928759038 6.3060787593 13.8392075790 14.3695669284 17.0394576667 11.4235154210 15.0871690411 13.2025343810 11.9478446058 11.4721834470 16.0109686993 0.0000070424
11.0633617745 3.5599783720 7.1328758907 10.9015178341 2.1962514531 16.8090148367 10.6166346405 13.6148752308 18.2548022114 12.6188784585 12.5050028031 12.8679264307 12.9227659794 17.6673700523 12.6782446634 0.0000159166
15.3607955277 11.1052352789 2.5059671684 14.5174206595 17.4874477663 5.4542412227 3.7381980301 19.6963663369 14.1859003120 11.1215845810 13.3277854596 12.6436882817 15.5715717933 12.8752994591 11.4394493242 0.0000163333
11.8223191855 0.3204183056 7.5799339809 12.3281650273 9.7828898229 7.5675383226 4.3785544849 15.8963122370 14.7744950363 14.6622173124 14.4687390721 16.1192498161 11.2937144947 12.5723588610 11.1099802097 0.0000106357
13.0057585077 9.6866450208 8.6847384631 2.5705389673 1.9136396688 17.4507911388 17.7766190838 15.8041272971 14.0327868224 11.1646335881 13.4528112655 12.0101953671 11.6590592512 17.6931551028 17.3208678052 0.0000265684
14.9158123285 4.6135800446 15.0971820805 4.5361331651 7.0708233700 14.9039308735 5.5303679977 13.7547612228 14.5940870810 18.9663130846 12.9592644410 12.4046099631 11.4812061118 15.8067389017 13.2141251485 0.0000292627
8.9495180489 9.9860708207 0.3275054224 18.7139363448 4.7083954801 2.0331360268 16.1960157864 15.9890257508 15.4509458296 11.1639974120 12.2646776201 14.1637277715 13.6854660938 12.3591866030 17.8556304912 0.0000227828
18.6443058937 9.1730587680 10.1791569119 10.8647042182 2.2770026541 17.1453280155 1.6049982374 15.9523321748 15.2564248338 13.5519054213 11.4098490478 14.3528111033 12.7923093316 12.2360506172 17.9375648265 0.0000130705
17.9043122675 9.1136359734 17.3170084560 1.9331651169 10.4173728382 1.8955157020 7.0585191371 16.0599954483 15.2274695801 13.3379562104 14.4140831428 14.3878574553 16.9487621495 10.0113916038 12.5735522064 0.0000139492
14.4619247330 6.6292315420 8.2714407566 2.7810818148 3.5107650290 14.3724293162 15.5900553184 17.0300002768 15.3597988554 11.8573144003 14.9083617271 13.0452937675 16.3151762387 10.8354923105 11.1395667204 0.0000349518
14.2900069402 5.8602841053 16.4866453818 9.0811566629 6.6197141519 12.9243714073 3.3724326651 15.1649238815 13.2654307024 13.2819761319 11.8639216550 17.6361641173 13.0101696840 14.5481212974 12.1883665595 0.0000241573
13.5555106052 4.7305031285 3.8202359585 7.7519856487 4.6902250335 12.9162441025 14.6960934686 14.1180215239 14.8732908257 19.4425224682 12.1881388629 15.7084582493 12.0826934941 12.9459377207 11.5773966894 0.0000210744
4.7343204142 6.8424291741 1.3366642253 11.7068747969 4.6938671160 8.1251634563 11.5021780488 14.0132103382 14.1632592718 18.7008041726 13.4737619345 17.9235680996 12.9772367461 11.3654624183 11.6819572402 0.0000196534
9.0631243443 6.4832815700 6.0225048128 19.5791169745 2.1955858167 11.9074739490 3.8922926931 13.7117999498 13.9136916123 11.1434964498 17.2600712269 13.5548661294 15.0564555008 12.2289634275 13.7075232576 0.0000181170
5.4467967462 1.2107348272 7.9479305457 15.4977824528 2.1645991618 6.7245498206 16.1680509597 18.5825103201 15.0541634752 13.3391470189 14.3490445832 11.1047613106 13.2720599338 12.7190949468 13.5437976270 0.0000200899
1.1467349918 12.2270699209 10.9771275588 4.0925667392 7.7805843310 11.1938373267 2.0285482965 14.5886059805 13.0011560943 16.6820004945 14.1515233937 16.5583746367 11.2664443240 11.2210869066 13.3467341051 0.0000181421
0.9433750162 5.7826230274 17.2815600366 9.1096285560 17.6822595312 1.4716424622 4.9098622343 15.4137451681 14.5813143449 12.6735363536 12.1402463757 11.8547535156 19.0225955223 11.8046264824 16.6083445490 0.0000210645
13.4914425664 11.4394223170 17.0530579974 8.7733874596 1.1786126832 11.6230170270 3.4581625246 14.0598930267 13.2530631344 13.9265965112 14.4774192666 15.0156125504 16.4187318771 10.9107917078 11.5227438138 0.0000293559
19.7561750803 0.0772295265 5.1560785312 12.5950470770 2.8143291084 14.1760068923 6.3490834001 15.2697154545 13.8724424253 13.2502991872 14.2720432377 19.4512914484 11.8695853359 14.2260804363 11.4469369192 0.0000116389
16.7135743584 5.8757686692 3.6994215021 14.0720916107 15.9105625662 4.2398831305 4.7125279064 15.5155428166 13.7076220695 12.4109609963 13.5096820192 18.9162862976 12.8064216766 15.7190850591 11.0211082252 0.0000096412
3.0886716379 6.5925699947 4.2391705347 17.8864292991 4.0453806527 0.9459538183 13.0685225816 15.4611485523 14.7257585213 17.4504565451 13.1262345284 12.3794305782 11.5091205701 18.2948654519 11.6710348054 0.0000156309
0.0307294699 17.8444534239 16.9991250089 1.8756782163 2.2749718183 5.0928454197 8.9653236413 17.5975273089 14.7206499555 11.0970284822 14.7505085284 12.3095167730 12.2505738242 18.7844114858 11.5125333579 0.0000284350
17.3091207934 7.7902013089 1.2545946789 10.4997186702 15.7442234311 2.3695179664 10.9491374597 15.1767180154 14.3693395733 16.0866680160 12.2982544052 14.0318949730 11.8633118231 17.8623632109 12.0703278662 0.0000074471
8.1813404813 11.3543876409 1.6700593167 16.6037947069 14.0834855909 5.8154571882 4.2783639502 14.0916955167 13.5785172493 12.7850209329 17.0077295211 13.7738682919 12.6592240295 10.8922254058 18.7696976182 0.0000152974
5.1663570035 11.9381096574 18.2370223447 12.6793123614 2.1487440753 0.0003723571 6.8979519677 14.5223347125 13.5119784368 11.5300912318 14.9072587015 15.4501345059 12.5406352760 12.1190743985 19.5890321240 0.0000184778
9.5069111692 15.8303594189 14.4553403886 1.4960428189 2.3993972588 5.0617418179 7.3728750562 15.0871082389 17.2905608931 18.2391483514 13.1926884282 13.7526133316 11.8691438327 12.6659292257 11.3486297151 0.0000134741
9.9618004954 4.3813757851 6.3946473111 7.2204034998 12.9734843728 1.9014110058 16.9536262068 14.2764249486 15.2882867479 16.8160336826 12.5869882414 13.8596017972 11.4302495272 14.7522248824 11.5780953576 0.0000250730
10.3843919539 11.1320399373 10.6645379593 11.9493622966 1.1172372419 0.9191260391 10.9759941411 14.3634999901 13.1602150759 15.9608002046 12.5032752767 19.2647663688 13.2025200129 11.7408202532 12.4822047334 0.0000310786
0.7479972119 5.5777429914 15.1884894253 11.4840515820 7.7890969944 7.0424887408 3.6269536253 14.3702204010 12.5002417059 12.3606426665 16.6216246935 16.9756388899 12.7273588542 12.0195987621 13.5200356541 0.0000171287
17.8271393033 6.1977449950 3.0083689962 5.5803029798 11.3835741889 13.9101491945 6.1274509922 14.1972062322 13.5304250829 14.0114823432 12.8407103571 19.8415076800 14.4918992318 10.8811642437 11.9374472460 0.0000259540
2.0347191303 11.9794380599 1.8055199840 4.0516559252 15.7435894066 5.4568620299 13.3797636223 14.7212398043 12.8088303561 19.3419152122 12.2265065272 13.9083105051 14.9865004528 12.1725070647 13.3130724598 0.0000207139
1.4196419857 3.7188304057 16.7520801891 18.1626270471 4.5113391945 6.6966695117 4.3950133203 15.0074796543 13.0444965816 13.6749440416 12.2380292518 12.4987449256 19.4427886807 14.2849113663 12.4640529635 0.0000302441
0.4656215486 3.7018836758 13.0057434391 5.4163953839 11.6171631621 5.4686943986 4.7393124266 14.3117765020 17.4332162491 11.8728033084 14.1707722840 17.9998977317 13.1747457914 11.4703329089 11.4253297600 0.0000116016
10.5056007190 19.8233445152 4.2491372492 10.9645498161 3.3345613919 7.8949297318 1.8866798918 14.1373685800 14.1939196532 14.4885234632 15.2668729697 12.4244623533 19.3052643853 11.1282803072 12.0834892452 0.0000805895
1.1669464534 4.4752002242 16.7006685206 6.5481774753 2.5133061970 13.1767007807 6.4906826774 13.7644462093 14.3143143844 11.6603760404 18.3640051784 13.6638777714 11.2466185877 19.2384348166 12.8299877145 0.0000236431
14.8298829642 5.5665191312 17.0252704735 9.0975640174 2.8056110984 1.7077589404 18.7012920318 14.5681572195 13.0328705581 12.7992870471 14.3410432853 11.9777798956 19.2014324963 11.3230466336 15.6886569998 0.0000269419
8.6681309597 15.2117203241 8.8561010202 4.1170146397 0.2452310683 5.7284797877 13.8801376554 17.0260480686 15.6449173827 14.1121345627 13.1304024057 15.0434519300 13.1578504238 10.4493053920 11.4114497134 0.0000099492
19.1621882125 4.5267252536 13.3779420002 16.7112303519 7.0770252193 3.5222766017 4.4574410191 13.9961454278 18.8652270515 13.7981198505 12.7666207414 12.7677468329 11.3409831625 11.3053706726 15.1162834506 0.0000244461
13.1555556734 4.6988950868 9.7987380894 4.0822591858 9.2488158949 5.4618260702 17.9671259837 14.9901772339 13.9099470952 10.9475521797 14.8402089097 15.7843602318 19.0416225615 11.8743397909 11.3753665945 0.0000182856
1.9401877438 10.9128470064 1.3960281074 12.1420826672 7.6575343216 19.3793987210 4.3628649935 15.2077744117 13.9408081921 14.4673323033 14.6378768373 11.6776635747 19.4538791134 11.7751541165 13.2739066171 0.0000132035
8.3438749515 6.6954414796 7.3196263523 14.5647881637 0.2829584235 6.6975077436 12.8828753799 16.2436093952 15.4193796586 13.7396899904 12.4689328842 19.7151433058 11.2890683587 12.6150714901 11.8119105481 0.0000062646
17.8244361066 3.9944682589 17.3278846292 6.5339511489 10.8599965163 6.7613634752 4.4907602517 14.0622051629 16.3871633640 11.4639340278 15.1689560206 13.4684142238 12.1048573379 17.4840838642 11.9446898846 0.0000115315
14.9323114997 7.5136888810 6.9029818072 13.3164986841 16.0447677681 1.0104456642 3.7136234567 14.8417483888 13.7568219593 12.5500287220 19.9809004988 13.5803268297 17.1228859072 11.8071132671 12.3151846987 0.0000102813
18.3518318030 13.0071626561 3.9078348866 1.7565056908 16.9995620768 4.3701469268 11.1765290985 15.0838679926 14.0888868954 10.9910400623 19.3391703918 11.9512701151 14.8125766755 12.7354687696 13.3206489312 0.0000181942
13.6402882829 4.0968614881 8.8362212045 8.3963722008 11.7266170328 1.6872635983 17.1844097575 18.4773588996 13.3009007652 11.2870459801 12.3036014589 14.7004480478 12.1959364949 14.6535153661 12.6970413431 0.0000208233
2.1934458234 3.1679226173 14.8408476001 16.8768266481 7.1638523283 1.8504824218 6.3493888554 15.0862726311 16.4593581226 13.0043864272 15.1338875066 11.2596139147 15.1910567634 11.6312267058 12.9374173529 0.0000212436
4.5061142273 16.7003127191 2.6369897267 3.6478044378 7.0393565609 3.6220207777 16.3046159690 13.4490130930 16.5844941075 13.9461811703 14.9513068554 13.4774000388 14.2452510421 10.6006327557 12.3179513043 0.0000237092
6.5040777739 4.2186331401 9.0851263202 4.4620309823 4.0668910470 11.1872357904 12.6051021653 15.1342382949 16.7177471971 19.0165874496 14.4824495181 12.2884432550 13.0109121650 10.7804922472 12.8146621042 0.0000064440
15.5256950964 12.1505616067 0.9610342078 4.2226401268 16.9488618199 4.4258746741 12.3957079706 15.9970664529 13.3692939542 11.4356004090 16.5526299954 12.9026742942 11.8918065812 16.2375222963 13.1544451456 0.0000078313
9.6128201211 7.1701334394 11.4816912584 0.1729021491 7.7981111265 18.7227286523 5.7829402805 14.1807989622 14.4083594011 15.9351595089 12.6544965701 12.9887468985 13.1923717473 18.6933413210 11.4676246675 0.0000157763
19.1811138251 6.9057370098 19.6081657379 9.5529912574 3.2080220020 0.1248361012 12.3178636332 14.2243707613 17.3650987074 12.8776406677 12.8384962121 12.7996779206 11.8141862819 18.8230558742 13.3461925203 0.0000068682
19.5137341268 3.5645584457 18.2036843282 4.8446496714 14.0688817405 6.7403440621 5.1905077126 13.7982212017 13.4119309070 14.6582260468 12.6803711355 12.3220113506 12.9823088464 13.0305717914 17.6568705038 0.0000327152
16.6525680977 3.0156760423 13.1037117177 4.4911304103 3.8352215215 9.7462197459 9.8109486036 17.7571773719 15.5111804793 15.7519688308 12.6248307105 12.0406186775 12.7580475730 12.3172180334 11.3710635760 0.0000153025
18.6022480961 6.8068688067 10.9632873935 14.7563803468 8.0734054932 4.9201982286 1.6457780561 17.0993312972 14.0638409574 11.3995403488 15.7646992084 15.6215213356 10.7115355682 12.4779526778 12.7031457571 0.0000127806
2.7896898635 15.5666978993 0.8618458126 7.4562237030 10.3861887035 7.2361135629 4.2956607524 18.5915999879 13.2360435255 11.8189845897 13.3563481199 19.3518918990 12.2404389192 10.9354835183 13.4784542716 0.0000287876
5.3913021775 6.7866170574 15.3702966357 4.7044234047 1.0318518984 13.8732591706 9.2241842465 17.9187894527 14.7596574319 13.7795965396 11.6170297414 12.7356538855 12.3279305765 11.8626468192 15.4259833031 0.0000222382
