9.83728 3.47855 6.14822 9.97909 2.44498 17.78844 11.70586 16.41079 16.02123 10.83092 14.20825 12.11633 12.11069 18.51841 8.68373
11.85074 5.76366 7.87935 10.02231 1.36869 8.80318 15.21390 15.31560 14.74407 19.81213 15.73176 13.90068 13.26696 11.82210 6.96442
19.16290 6.74632 9.65952 1.63967 6.19794 8.90690 15.85486 19.73115 14.21029 14.51138 14.07189 12.13729 12.53917 10.84027 9.26269
12.44493 3.82469 3.79978 10.03964 5.89184 18.50011 11.58335 15.82639 13.24494 11.82082 13.09393 16.18699 13.06820 11.80489 15.56528
14.05958 12.23737 2.38237 3.93594 3.81815 15.88147 16.25921 14.61697 13.77025 11.86187 10.74633 15.54171 18.54601 12.73018 8.91491
16.58864 12.59319 4.03185 1.44455 4.49499 16.83077 11.59731 14.51826 15.73473 11.08867 13.65319 15.20910 11.93194 13.30640 10.33253
11.01413 12.24092 1.33378 4.22516 4.77291 17.14129 19.63467 14.59790 12.36713 10.18612 13.01905 12.65024 14.63600 13.33727 19.60929
4.29306 11.01200 3.24433 2.85333 8.07008 15.33298 11.34499 15.94534 15.22157 13.42978 14.50065 14.27458 18.51412 10.40983 7.81041
13.52133 6.75796 7.78591 0.73812 8.09248 18.84223 11.48432 14.79819 13.77365 11.69366 15.26490 14.83258 11.29396 12.56414 15.32979
1.58514 12.58094 3.72360 1.92340 6.51367 9.14435 17.50783 13.71187 12.96240 15.48100 14.25052 14.13754 11.71606 12.11858 11.20661
5.93198 6.77200 9.67773 1.26481 6.22421 17.45978 11.48232 18.40286 14.79759 11.85807 13.16353 12.86899 13.22913 10.43120 12.35527
9.81243 6.80158 2.91615 4.45862 4.40735 16.75997 17.37176 14.04514 14.98245 12.50500 10.87893 13.78315 13.73773 14.55415 10.30977
4.53942 6.75991 9.70315 0.89372 6.36569 16.64634 11.33213 15.92256 15.17092 13.30517 14.42083 14.18542 12.98133 10.07917 16.33122
12.23272 7.62006 9.55219 1.04366 3.06910 10.37422 11.79282 15.83874 18.67366 15.24629 13.62398 12.95664 11.51918 11.30726 8.75305
5.21246 6.72934 9.69880 1.96627 6.23135 9.44907 12.33799 16.98573 17.22742 12.58095 12.70254 15.13485 11.44175 11.00782 8.74808
8.62169 5.89478 2.86692 7.79356 7.97664 9.01509 13.76601 17.63523 16.11661 12.35195 12.91981 15.53996 11.52933 10.81297 8.80680
8.25044 1.23370 5.58115 6.68870 2.54925 14.38056 11.95066 13.83256 19.64655 11.66563 14.05390 14.29618 12.17049 14.29424 8.19299
0.28559 4.16599 7.77347 4.14276 7.99622 11.38838 11.55725 15.73904 15.22659 14.66626 12.74156 17.49900 11.11023 10.98210 8.67046
6.54460 4.42432 3.99533 6.08319 7.97094 9.50651 12.67474 14.53406 18.94506 12.44416 17.67357 11.92580 12.26970 11.74383 8.65386
18.56662 6.50983 2.07724 9.07156 7.90304 13.77353 11.82482 13.51974 17.58480 11.50671 12.44431 15.55034 13.19250 12.56617 8.92728
17.35341 12.23548 7.90521 2.82658 1.66367 16.07565 16.02508 15.08920 12.44831 10.26935 16.01724 11.68015 13.23202 12.65105 13.44711
4.42765 9.60225 9.70411 4.00796 0.40811 13.45406 11.32209 16.07422 15.33985 13.51175 14.60582 15.38716 10.75608 11.27578 9.56506
3.95347 4.05561 7.32812 9.98203 2.29676 9.10331 17.72880 13.70433 15.17685 15.95335 12.43846 13.55558 16.46288 11.65202 8.00474
9.64788 3.16930 3.80722 10.05735 5.34972 8.82527 15.33334 18.18157 14.47020 11.93232 13.96300 17.05718 11.23068 11.05596 8.98511
6.15059 4.25208 9.58871 4.57430 3.45691 19.29327 11.81318 15.87332 15.20699 13.59636 11.33463 14.35059 13.60026 13.11027 9.64172
16.90429 4.65414 3.71618 8.81797 7.96745 11.63223 11.54033 15.61090 13.49415 15.62320 16.45301 14.08879 10.91777 12.57551 6.81740
18.68192 12.60877 5.99392 2.99312 1.63677 9.41180 12.89697 14.99708 13.19994 11.32440 19.96206 17.23004 12.49728 11.03792 8.67361
17.41786 1.55481 7.30736 4.21788 7.99915 10.59145 11.68167 18.22771 14.16332 13.92818 15.67136 13.04826 11.17424 12.57341 6.45552
6.62671 12.63489 5.37466 2.02035 2.39113 17.53845 11.56742 14.59999 14.17742 12.32710 12.52231 17.11792 11.46752 12.93240 11.27035
15.30663 3.33322 3.78261 8.03748 8.06642 11.04904 11.62632 14.21010 15.97633 16.42534 12.98153 15.07291 11.69359 11.19365 8.74366
1.16899 6.63755 7.17855 2.27572 8.09411 15.29704 11.51061 17.44692 14.74843 11.68449 12.40939 14.61222 12.03651 11.13582 13.85437
8.68637 10.85026 2.63565 10.07608 1.50030 15.67640 11.33141 15.96617 15.21512 13.35042 14.46559 14.23033 10.61438 17.85033 8.25232
16.85064 7.27353 4.54513 2.36784 7.98492 14.85121 11.67157 14.54233 16.67003 10.91260 13.11125 15.04077 11.77972 15.52434 7.26849
4.67944 6.86487 1.21165 9.98199 5.52968 14.48636 11.55812 14.85062 18.74826 13.59386 12.56402 12.93348 14.20560 10.92200 9.06713
18.37149 6.70411 1.70090 9.95519 6.75830 15.14988 11.66623 15.72507 15.33729 12.49849 16.13665 11.48356 16.63756 10.98621 7.99501
18.10346 4.64951 9.59172 8.64908 2.22634 17.20786 11.41246 15.36654 16.36024 12.85712 14.24617 13.69903 13.47397 9.91083 11.23920
17.61558 6.61593 9.25280 7.53668 0.34543 16.84534 18.41133 12.46112 14.72263 11.61901 13.50502 12.14956 19.78385 13.24146 10.04433
1.54957 10.69368 9.60384 4.05842 0.14223 8.85793 14.11847 16.07524 17.60949 13.54194 14.62274 14.39483 10.23406 12.19195 8.45299
15.93872 10.82450 2.22006 3.82203 8.10065 12.92278 11.33115 16.11387 15.40948 13.27616 14.57685 16.42681 10.77905 11.15708 9.10344
13.64917 5.07412 7.77927 3.90890 8.07345 14.84128 11.60049 13.81437 15.25857 11.31187 17.19068 13.74897 15.35987 12.19121 7.76437
14.89876 3.06497 3.93720 7.04274 8.02628 8.95353 15.06603 14.16423 18.10485 17.24444 13.30468 13.00066 11.95139 12.64101 7.75717
12.82636 3.09654 9.59953 5.01618 2.89033 19.20175 11.75663 15.22403 14.30782 13.73048 15.30224 11.31630 12.09377 19.05306 8.71222
0.17791 4.01434 3.79197 8.02920 7.99722 15.20885 11.71789 13.71085 15.18499 16.45381 13.03612 12.34453 11.87130 11.42481 13.31015
2.02861 7.98746 12.42060 1.22164 2.69806 13.45885 7.73437 16.28069 15.49660 13.52966 14.70836 14.89356 11.30476 10.44566 9.55900
14.52894 4.54568 6.72303 4.17206 8.09972 14.08988 11.55645 16.66502 15.94414 11.32899 12.23572 15.10185 14.62981 11.68606 7.81738
10.21823 4.49461 6.42151 9.98379 2.35967 16.12343 11.50644 14.36745 14.49937 12.74744 17.03407 13.25634 14.53356 13.34264 7.72719
16.03537 9.02851 3.90982 0.59322 7.99144 9.22387 19.54144 13.77384 16.80718 11.09739 14.57929 12.28889 12.81052 12.21744 12.92678
17.34857 12.23743 0.00001 4.26159 4.60694 14.61058 17.05725 12.39984 12.99505 12.62766 13.43834 15.15616 13.42200 12.85303 12.84119
4.55015 9.07648 1.14189 9.98245 2.46748 15.17876 11.55009 14.33118 17.72961 13.21108 12.76527 13.60996 11.49937 11.46873 12.81069
18.36274 12.57255 0.65639 4.22204 4.95160 11.02886 11.86077 13.82828 14.30667 11.15596 18.02733 17.94479 12.05959 11.34084 8.70119
0.50923 6.98660 3.97854 9.98035 1.11165 16.54423 11.70390 14.31587 13.64452 11.64974 12.93454 19.41946 19.24189 12.33852 7.67029
11.77201 5.73402 9.62806 8.86481 1.38887 8.74905 16.55315 16.18545 15.44472 13.59210 14.70235 14.46784 11.45228 10.17186 10.13818
5.42557 0.84676 3.78575 8.23413 8.08658 15.04713 11.34422 16.01471 15.26962 13.41955 14.52598 14.29255 10.98022 16.12638 7.02929
12.87774 9.21446 3.88254 2.09903 5.06377 10.73088 12.25093 15.63632 13.36371 15.56228 12.49920 19.25292 12.18507 12.02251 8.53272
4.02666 2.96847 3.83297 7.02054 7.99277 9.18652 18.41495 13.86119 13.89575 15.89365 12.09793 13.99129 17.39392 11.96922 8.21538
2.12519 3.98000 3.88379 7.67936 8.03109 10.20050 12.03505 14.61220 13.38532 19.22309 13.08361 17.46189 12.53837 12.42540 7.27960
8.69178 3.35832 4.32446 5.36030 7.99311 11.09031 11.82862 16.57135 14.70501 17.25491 11.67782 15.02997 11.98938 12.56048 7.42113
4.45377 3.23139 12.41507 4.89785 3.10726 13.72730 7.57605 16.32862 15.53504 13.54808 14.73848 14.48796 10.69344 11.40281 9.84119
4.72822 6.80358 9.60680 5.12980 0.76466 16.17451 11.60794 14.79256 13.28044 15.57853 12.84170 14.04628 19.96690 12.15672 7.36384
7.84949 5.65618 3.08030 8.14333 7.64294 14.51754 17.37105 17.02567 13.95533 12.02358 13.10900 10.43915 13.46501 12.88971 17.70859
9.23742 4.35807 9.60544 7.67970 2.30141 8.85982 15.25373 17.49580 14.19780 14.17328 13.23291 15.40235 10.67807 12.77193 7.49276
18.22143 12.23978 1.02430 11.75079 2.21628 4.78037 17.67804 16.11235 15.31404 13.31719 14.51364 14.26168 11.59192 10.31073 12.55506
8.67980 3.92903 3.87857 7.27054 5.30371 15.01803 11.87665 14.01771 14.38859 12.96526 13.61985 18.98033 11.98923 11.20352 12.07795
0.66172 5.62062 9.63942 7.95197 1.51048 11.08043 11.58436 18.23388 13.60429 17.70864 13.69942 13.72525 12.47605 12.43517 7.80420
10.45235 6.77666 7.76250 0.21416 8.08300 10.56775 11.73354 18.25976 13.38804 11.84358 14.09287 19.22818 11.64423 11.22406 8.70723
7.87245 12.58086 8.29584 2.37820 2.00927 8.93853 17.64884 15.44179 19.00171 12.75906 13.75448 12.15833 11.73487 17.99010 7.42052
18.15423 6.75700 7.60049 1.60150 7.99992 9.07626 18.18729 14.11505 13.43240 12.81859 12.61804 18.63760 12.03607 19.83714 8.11244
12.15600 3.92055 3.85217 6.83704 7.64419 15.35794 16.49594 12.86338 14.23921 11.08802 15.68471 11.43623 13.46160 15.42424 9.08586
17.53942 6.76560 0.70132 7.94357 7.99269 15.37353 11.72706 15.96853 13.99518 10.58986 17.25076 12.94266 12.20734 11.66779 13.67033
1.83429 6.92743 6.43840 1.47850 8.00803 8.97584 17.18809 14.94086 13.51571 14.82741 12.69501 15.08946 15.48182 11.25966 7.62823
16.68290 3.61852 9.59735 6.35604 2.31432 14.54443 11.82624 14.53669 12.76827 11.03403 17.28486 14.62984 13.43033 13.51649 8.32549
8.96016 12.59325 4.00112 1.44835 4.63453 11.21790 11.57364 15.74947 14.93397 11.62939 17.14835 16.15223 13.15310 10.94537 7.02464
6.43365 4.86137 8.05438 4.01053 7.64030 15.79049 17.18233 12.30284 13.35773 13.32866 13.51264 13.89005 13.83228 18.66612 9.20703
11.40048 11.09587 9.59904 2.55948 1.85939 15.33907 11.61342 13.76090 18.87372 12.82612 13.13964 13.58148 11.18180 11.33537 19.22926
12.49846 8.17797 9.25287 0.71658 2.54461 16.67585 18.72147 14.84243 13.45103 10.90511 10.99966 13.62399 13.85380 13.90863 17.38367
12.48774 7.54781 1.25799 5.00174 8.06819 10.16445 11.91753 16.44258 13.72416 18.95298 12.82207 15.29686 11.82565 12.54801 7.51730
15.80958 3.40720 8.21168 4.16863 10.76046 13.56511 8.07947 16.36827 15.57167 13.57437 14.77059 14.51857 13.21764 9.93834 9.14805
7.68886 4.09690 4.75718 4.77163 8.09960 8.74056 17.86270 15.91868 15.20545 13.49074 14.49097 14.26691 10.94086 19.71136 7.15950
4.56748 10.49504 0.25496 4.16527 8.07301 8.90806 17.82856 15.53972 14.98116 11.38903 17.39792 12.76604 12.38913 10.69853 12.74425
17.24535 4.20711 9.69560 4.97869 2.91854 8.73616 16.87760 16.11115 15.37599 13.54714 14.64153 14.41080 11.32977 14.41751 6.61310
12.25547 3.90503 3.99971 9.98463 4.68100 16.63495 11.66634 14.54342 13.92111 17.82917 12.50235 12.74064 15.08717 11.73527 9.21424
2.79928 12.62797 0.28184 7.64999 2.31091 15.43298 11.61041 15.09707 18.58386 10.93694 13.00672 13.91275 12.16478 11.71031 19.45915
9.25337 12.58983 6.99664 1.71094 2.30705 16.43726 11.72180 15.25995 13.28025 17.14027 12.86153 12.09357 13.23492 15.22815 7.99506
15.57291 6.64703 6.98434 9.98362 0.29601 8.79058 18.34995 15.97184 15.21552 13.32087 14.45528 14.23869 19.27080 9.66442 8.29627
12.87515 5.75657 9.62625 6.49891 1.47682 19.14724 11.38128 16.15419 14.79839 13.09169 14.57118 14.17321 10.21899 13.44402 10.29204
0.84227 7.27997 9.67468 0.78121 3.36523 17.66012 11.56651 14.61238 13.00606 15.08208 13.89724 13.84513 11.94324 15.76055 8.86241
1.80020 3.73961 3.87501 9.48253 9.96124 4.38689 16.11152 16.34578 15.56635 13.61519 14.78463 14.53728 10.94998 13.45749 6.96969
15.93205 0.39416 9.70666 5.78964 2.45375 15.32163 11.32882 15.94073 15.24260 13.40296 14.50225 14.28483 11.81787 10.23490 19.41238
4.58035 4.20061 7.60105 9.98377 2.16352 13.97316 11.37222 16.18792 15.45866 13.57261 14.69387 14.45774 13.53791 9.59974 9.26681
8.95165 3.48202 6.02231 4.41726 8.00065 16.40224 11.66988 14.06074 14.18245 11.88654 19.19532 12.43311 13.42346 13.82777 8.98127
13.32926 4.27039 3.74802 8.84969 7.59715 15.26662 16.98759 15.12945 12.14681 14.00663 11.43298 12.32547 13.62191 15.58327 9.29484
10.16477 3.88645 4.01125 6.19869 10.82303 13.55214 7.60011 16.37283 15.57221 13.57708 14.77299 14.52109 11.39976 10.35961 9.65666
13.10741 4.87129 8.75333 3.99696 7.49711 14.91627 17.64627 16.11140 12.64149 13.14893 11.54214 11.29868 13.80116 12.98695 16.02048
4.96771 0.14475 7.99958 4.18820 8.00089 16.38749 11.38418 15.93436 15.18083 13.30972 14.42877 14.19265 17.96122 12.39935 5.87498
11.37792 1.70178 9.24936 8.07114 2.16875 13.83117 18.24094 12.48697 14.29788 10.74425 15.51474 13.42208 13.36067 12.78531 18.95436
19.95239 4.14627 8.32764 9.92450 2.14847 9.05129 14.41422 18.10057 18.43611 11.23149 12.92915 14.10932 11.37237 12.58608 6.86300
10.45087 12.59274 7.06724 1.07373 2.35944 18.39673 11.65938 16.60704 13.18561 11.47454 15.38080 12.63308 16.27558 12.49907 8.43229
13.99194 6.53253 9.54531 2.41578 6.98827 8.97535 13.49252 16.47473 15.32443 12.18490 15.21417 16.48235 11.43824 9.99466 8.73729
9.35410 1.12764 9.66931 4.25589 5.85275 8.95423 19.48182 15.16656 15.35560 11.16197 15.96774 12.71585 11.62107 12.41746 19.44655
14.08850 4.98627 9.61003 4.27477 3.63643 8.90144 17.69905 16.39609 13.92157 13.76243 12.73939 14.75051 12.05297 11.30468 16.72531
