7.1911079832 3.4193827989 9.3112037618 5.0192313365 5.4076234108 15.4343923542 12.0447240441 14.0921887093 13.4140758576 13.8827550842 14.9653080870 14.3504771026 12.1531830102 18.0967531438 12.4481613694 0.0009528367
12.1225999723 0.0530667591 3.8623497910 7.8260680593 10.8029601076 13.4997270289 7.2145265918 16.3702955203 15.6104791319 13.5832837037 14.7768292391 14.5254635796 10.7786647435 11.1380779532 14.2082421577 0.0092901235
16.8537734252 3.7600008658 4.2507371583 9.9829516251 3.6446422728 16.3903644568 11.6198596804 14.7535983769 13.4035069119 11.6615481910 13.4070742491 18.9974705650 16.7318326297 12.3099374065 12.8461645382 0.0000190480
15.8183164126 7.1753036739 1.0871144519 9.9838220597 3.6728736668 16.0420240889 11.6048060301 15.0653406147 17.0022819976 11.9238479093 12.2093482187 14.3076077713 13.9893650000 13.8526382791 12.3053638548 0.0000127264
14.3486460813 3.8606270099 4.2547623473 9.9837759394 3.6414232589 13.5158361361 11.5505231010 16.9450524275 16.4108833057 13.9649774336 13.5128042222 11.9190098854 12.1450318603 13.4386950993 12.1167869270 0.0000195704
4.4520855544 12.2990936804 0.9911199483 5.5126895240 3.8477395782 9.3879053707 14.5878986233 17.9492457667 13.4630796862 14.7061417725 13.3903273455 14.8305642180 13.1494778452 11.5271991990 11.5590215392 0.0009541455
9.3982161016 5.4729325344 3.4335841804 9.9790721550 3.9695911926 9.0980899884 17.7139439210 14.0793066438 13.3144584853 11.5485673586 14.5444083657 16.8968360348 17.2063236431 11.1692239368 11.8543725804 0.0000300442
17.7535474560 6.9262469283 1.0655658227 6.2403211620 7.9914016845 9.1759881739 16.4236351214 14.2153689832 16.8240035519 11.2060718794 12.2132272289 16.0558716472 12.0938008708 12.1044616548 14.3901899738 0.0000254572
6.5792029376 0.9258221426 4.2457293057 5.6265572779 8.0016528875 17.7355164639 11.6202894891 14.0454408919 13.6176528864 11.9592762741 16.8703563617 13.7212493381 16.6398122708 12.6791961272 12.0601367012 0.0000201407
18.2132011824 6.9839265419 1.1053813690 9.6282683846 4.0231380235 13.2978176893 16.3171469703 12.6104947676 15.5556151660 18.6993435967 11.8875166764 12.3270083728 13.4012030920 12.8228920298 13.7255749440 0.0005744275
8.3767796387 7.2034885277 0.9302269804 9.9838495726 3.6473464286 9.9578452735 12.0840805418 13.7420890725 16.2516662717 13.7627118920 14.4431046450 16.0076160065 13.0796580509 11.0913810356 12.5679221300 0.0000156579
16.5583352424 7.1775481392 1.2110645070 9.9860322665 3.6630527632 13.1769275808 11.5172563790 15.2059849979 16.8051561759 12.1987619479 19.0112760772 12.4267656341 11.6190369588 11.2903523992 13.9075402896 0.0000139259
11.1038046698 3.9386250113 4.2523473221 5.6192176263 8.0002740151 8.9847055264 17.7269588609 14.8441732986 13.4031358822 11.7372459007 18.1226378038 14.0926055045 13.9128949286 11.1149746910 14.3652680240 0.0000196105
14.2814064130 7.1728264913 1.1156943642 5.6500381549 8.0002460882 14.1199011366 11.5524418150 17.0400307364 15.3702585446 11.5878235597 15.5669665478 12.2438227945 14.7156950023 11.3599266458 12.3879816872 0.0000128698
14.8625791713 6.9334280060 0.7688321741 9.9789912950 4.2473905490 14.9347067312 11.7248854982 13.4600780311 13.7516894526 16.6339691405 13.2332433773 14.2502890656 12.1796634680 11.4252740596 16.3578135487 0.0000233625
7.1366343280 3.4279094498 3.8369158851 7.7470115538 10.8052830858 5.0239441245 16.3524059869 16.3102444114 15.5237813514 13.5509263265 14.7329110328 14.4840977387 13.8805770003 12.4588294908 12.3832153753 0.0093436725
0.0439345037 3.8307064161 4.2376140409 5.6341661015 8.0011398166 8.9227839898 17.9554508983 15.0807991657 13.5923633623 16.1904017206 14.2845609264 13.0872068925 19.9455853185 11.5635685123 11.7235847949 0.0000175831
6.3927242160 0.3333004484 4.2621533348 5.6114137233 8.0001531098 12.3063027357 11.5865445901 14.4219687973 15.7815942343 14.2904288056 17.7317301523 12.1919921330 11.9755570540 12.5621616876 12.5500594651 0.0000206769
12.3444733317 3.8266434577 9.3113129852 7.5624001250 3.0178417780 12.8441161617 11.8265271372 14.9571156072 15.1745352189 14.2325109190 14.4600655565 16.6001644429 13.4701434678 10.6882148381 11.5073440768 0.0009531621
17.8322624831 6.8356561772 1.2566987811 9.9822196450 4.9598846554 10.4530797587 11.9605475185 13.9737703833 13.2004410581 13.2818102828 16.2414375044 17.5468372225 12.6639975450 12.2791655517 12.5678960353 0.0000249437
14.2050966542 6.3362849462 2.4929945732 6.8407020883 10.8382062061 4.8926039604 17.8704618497 16.0997537672 15.2955964071 13.2907191563 14.4909655871 14.2380128871 19.6241917013 11.0371059427 11.0699047656 0.0093498562
1.3039006408 3.7281232101 4.2589819203 9.9837352962 3.6376654705 15.6044536035 11.5917582983 14.6182978541 13.5601881250 11.5116104758 15.6685600898 14.8376016713 12.7115626410 11.5741960046 17.2613067942 0.0000200726
2.4334081728 7.0770270903 1.4694671323 5.7276530905 8.0011264266 13.6273142986 11.4753273594 15.3362319963 15.0492796688 13.7882041601 12.7323578717 19.6606357650 14.1755682045 10.9424101665 11.6304553135 0.0000070438
7.7044979921 3.0315605050 3.9898495359 9.6279674789 4.0610536059 15.4741510155 16.9269276348 16.7667444175 14.3959881815 10.6070748000 12.2314431665 10.9294447723 18.6906982682 12.9891601160 13.7751621226 0.0005751740
9.2985327541 3.8544877799 4.2581009965 5.6148778036 8.0001269631 8.9497865502 17.8969790252 14.0989809431 14.6891756294 11.8675598627 15.3251266440 15.0803853252 11.9973057530 17.6345932499 12.1755198764 0.0000202612
9.9949813279 3.7993568597 9.3113134389 5.0104366306 5.4875899309 15.3557564393 11.9809572051 18.1308363088 15.1682515255 11.1781848012 13.6156450450 13.6902948047 11.7829464671 11.4946077338 19.4341865460 0.0009530782
8.3253327388 7.0360596780 1.0719983734 9.9837340826 3.8875795724 13.8195164770 11.3714150355 16.2872048724 15.5029917895 13.5381819174 14.7154319499 14.4894895706 13.5506283644 4.8713075618 13.7331201673 0.0134716161
14.9426188451 0.4911014895 3.8370263876 9.5864077678 9.8226508077 4.5203146254 17.2007806819 16.1744549125 15.3754383775 13.3808568139 14.5753534442 14.3236962823 15.5332426499 10.1369524224 12.1588710133 0.0093413936
18.5143899361 3.8360957468 9.3113124125 6.2441035971 3.2970035775 10.1609797385 12.3029645010 16.1332140364 17.2109096834 13.5731391785 14.6658625935 14.4354944295 12.8261277288 9.9600411235 13.0076493138 0.0009534056
2.0855898709 3.9842506909 3.9982564907 6.0069151615 7.6452827444 17.1972839954 16.9041863252 12.1839459864 14.8602533819 12.5022299748 13.5563168614 14.2107861333 18.0337835827 13.3590696643 13.7350498647 0.0005725903
17.7094797380 12.2989504882 0.9468094422 5.1439748786 4.6763040433 17.2125008677 12.1083805670 14.1661924367 18.3584463696 11.5570310105 13.6401671820 12.9866027439 17.9106899261 12.3990282035 12.6993226115 0.0009537786
10.7199297333 3.3499650466 3.7546676659 9.8874101267 7.1008479625 9.0176625022 18.4966927032 13.5990261415 16.4135452510 12.2841403640 14.8430408463 13.6096441757 13.5752377130 10.8307622626 15.1908742349 0.0000627406
2.3795763588 4.3596941382 3.9808720455 6.9096421241 4.5257918934 19.3681422421 11.9494240842 15.8867340207 15.1383460940 13.2846779429 14.3924410481 14.1585206506 13.2315499368 9.9963014460 17.5014021451 0.0006134018
17.1686088949 12.0918508308 0.9212425588 6.8074861603 3.1270035523 13.6941933444 16.8375738892 13.0513588247 13.9809341258 11.1232641445 12.0219098069 18.6298289893 14.3869565729 12.8677838354 13.6160097311 0.0012324547
11.9296783697 3.7991614979 9.3112846923 5.1847229314 4.5304002868 9.4896745358 17.4994825495 14.2867115487 16.5983572112 11.7165484873 15.3254960105 12.4919404570 12.5427380372 11.9714761020 15.6754394203 0.0009530794
11.4339942886 4.2082754899 4.2210955597 5.6407166274 7.9992162897 9.0174542301 16.3620772032 18.7142517068 16.4755385299 11.7702646997 12.5819925573 12.5166715448 12.0615715571 11.4047544037 14.4907214841 0.0000200360
6.9519308504 7.1964399462 1.0679838618 5.6262496500 8.0004861403 15.3301615218 11.5187303701 15.4757255573 15.3623674272 11.9513514434 16.3974315166 12.4236692689 11.8747266892 18.5422723062 11.9938530029 0.0000154729
0.1103657460 3.9675721873 4.0022687720 6.4027714798 5.0748359223 10.4960591750 12.7294525145 15.0641428984 18.4331977561 11.4679827335 13.0555170418 18.9200427779 11.8173322313 11.7232393324 13.2796416287 0.0006134018
6.7057969109 3.8772860687 4.2621557030 5.6104686357 8.0004384253 14.4344464709 11.4239030297 15.4326427053 14.3498261377 17.9158654260 14.2130485701 13.8391819101 12.6921890052 14.3494499610 10.9810769972 0.0000208957
8.4740721961 4.7685190556 3.8891687619 6.0074412706 7.6436993220 18.3231973071 15.6519761737 13.2031580814 15.1000080642 13.3733477780 10.9775237732 14.6490223809 13.1735824594 12.5125099891 19.8606590620 0.0005771170
17.3790904548 6.8963790385 0.6569499227 6.8950461551 10.8140896782 13.4107930867 7.4516403626 16.2457805947 15.4638220227 14.1395100376 14.6778891347 14.4301520398 12.5220835864 13.2524738456 10.7815233068 0.0092907175
2.2782050460 3.8722703618 4.2136044747 5.6583591140 8.0179692131 11.7762693780 11.5695036160 14.4260068936 18.3801994867 17.9172296184 13.3336777993 13.1192792365 11.7724222887 12.5686750801 11.9897235342 0.0000151028
19.8552692927 3.8441907161 7.6616177993 4.9805353687 10.8047403851 5.6735829243 16.4204117782 16.3026836946 15.5127899590 13.5313390507 14.7187026163 14.4687924590 14.3778740183 10.0964963591 12.2286572722 0.0097312250
9.8690225247 4.3729060927 4.0705833647 5.9917914164 8.0006933732 8.8851394850 17.7796767420 15.3953792032 13.8020744527 12.6765289486 13.6224941956 19.0732467713 10.8338306910 17.4128943420 12.2608418417 0.0000133928
7.6737175868 3.1676834423 3.8465243519 7.2218976329 7.9918042716 15.1651921059 11.6559706238 14.8103170308 13.1477573624 11.4307938420 14.2527563839 18.7289608657 12.2519134986 14.7561510850 13.2420837575 0.0000342226
18.4381667097 7.1767564253 1.3392646535 5.6279835601 7.9997297548 10.7824668403 11.8348921243 15.9442941601 19.4639868601 11.3679217507 16.3334076154 12.0631428491 12.9851779160 11.6957877708 12.6855859852 0.0000158673
16.4754346759 7.1488198767 0.8751953736 5.6814137767 7.9996822608 15.2895703032 11.5894391030 14.0873221794 15.1659226500 11.5388784964 13.6445837947 16.9342440182 12.4633188751 15.9133175757 12.5942390472 0.0000099601
12.5472912949 1.6810134439 7.6876521754 9.9929948517 2.9609139562 8.7799309693 17.8137995496 15.9603805858 15.2329153900 13.4343249963 14.5087577391 14.2817972145 11.1466822315 10.6542616879 19.0573565366 0.0004713320
15.5574330665 3.9157055844 4.5284070897 5.4201003081 8.0001409837 8.7887919517 17.9102678124 15.9254462837 15.2119007335 13.4522754298 14.5027047227 14.2805839844 11.6972892012 19.7077112882 11.0386219233 0.0000677308
3.0030440401 1.6317394066 4.1546297767 5.7696944584 7.9991954429 10.1236160697 12.0448895403 15.8853746228 13.1610471877 15.9120789193 17.0114528661 12.4006472361 12.2655223154 12.4369542326 12.5318953980 0.0000093100
9.8575482270 3.8536204427 6.5785486765 4.9789047818 8.0000106839 14.1354777932 11.6049834155 16.7664961739 16.0429972204 11.3264620091 15.1015483570 12.0788732925 13.2315636582 11.6444540867 14.2852311621 0.0004136916
18.9251203371 4.4177130374 3.9743648419 9.9836432890 4.0160901433 8.7780188424 16.3783940804 16.3326138981 15.5193991936 13.5231594282 14.7196403008 14.4742747566 13.5318200328 12.9493189977 5.4729876261 0.0134712460
9.1833442462 3.8570341481 4.1827455839 5.8017008816 10.8062876252 5.3401131790 16.4124143208 16.2927994401 15.5098717059 13.5424772953 14.7224258208 14.4741117957 10.7461830019 13.7946977694 12.0210164903 0.0092789830
6.3768794726 4.8273694240 3.8656714925 6.5518651550 4.8674434902 18.8942008407 12.3732845577 14.6518702844 13.7938680392 16.5091056060 12.8126415232 12.4705784763 13.2118008579 14.5904410030 13.3929072100 0.0006135142
2.5541281286 4.8820821180 3.6141765939 9.0336248243 7.9215022768 15.2843282239 11.5462534179 19.3733569529 14.9488059447 11.9247276065 12.5521356468 13.5459541954 12.3121367717 10.6350942374 17.6351777708 0.0000621633
2.6433604667 3.5534226563 4.1939715793 9.9722205160 3.7035856314 8.9629163830 17.9555591499 14.7185607123 14.3710132656 18.0197382482 14.0286959290 12.2722427587 12.1776443060 18.1036042150 12.0943352513 0.0000127898
9.0943540360 6.8497360339 1.0850523808 10.5885568627 8.5805086753 4.2733475891 16.2589422625 16.3432485259 15.5487055858 13.5557628959 14.7502275839 14.4986159841 5.3972784889 12.8851474234 13.6522309526 0.0227753336
12.6380251251 3.8638019778 4.2556393046 9.9771393063 3.6372628753 9.3233652312 12.6349682046 14.5728860782 14.5530032111 15.8753915557 14.0355474954 16.9747689978 13.1545506058 10.9415091526 11.6884689371 0.0000200212
9.4253061560 3.8848786242 7.3442476430 9.9836410465 2.9612443199 8.9460916197 13.4411332029 16.5427384837 15.7262580615 13.7556642973 14.9492069266 14.7051895661 12.9029287781 4.8810755996 13.0870875179 0.0140227653
9.8070130307 6.7681294289 0.1264234779 9.9955238569 5.8839360285 9.1216121919 12.9256183246 15.1237264205 16.2115064400 13.5453098780 13.8761369687 19.7876463634 11.8363291491 10.4720611835 13.3339335225 0.0000463872
3.8233389940 7.1853789941 1.1914985050 5.6314644360 8.0013932768 15.0465128119 11.5402819241 14.3306034500 14.8302648498 11.7085693200 19.7016594745 13.6952207725 11.6887434307 11.5688574874 16.7076582460 0.0000149098
17.4815646855 3.8423811628 7.7764386245 12.7850560380 3.0252246675 5.1977579060 16.0631188741 16.4447552657 15.5658799845 13.5864631613 14.7736375283 14.5239338295 11.7325083699 10.1914174868 14.1774366387 0.0097367421
9.0933093509 3.8629465504 3.8575225734 12.8467742638 5.9038719748 13.1515015592 7.2342916611 15.9957032563 15.1906073989 19.1870679592 14.3854016487 14.1323067989 10.6034495954 12.8083229560 13.1089845704 0.0094185505
0.8900778660 3.7990933001 9.3113056672 5.9821171641 3.4289374974 15.8746977374 12.0592421514 14.5396972537 13.6644436657 15.8418078465 12.8029147304 14.0048820286 11.8991241032 14.5491227133 13.6753086203 0.0009530780
18.9596480576 6.8635580877 1.2036877442 7.3366676927 10.8032288275 13.5014440788 7.2903448887 16.3651399715 15.5699894203 13.5820973180 14.7729032454 14.5731317986 10.8244065658 11.0356121226 14.2110148362 0.0092835932
17.5949076835 3.0683033461 4.2618676428 5.6117539531 8.0005916336 15.3430789769 11.6020138667 14.0339996171 14.9301025374 12.8835127178 12.6243875883 16.7652504063 12.5504419591 11.9815738906 16.4054143425 0.0000206372
9.0209374375 5.7144632808 3.0824245464 9.9831316312 4.9158218561 15.5959059823 11.3991786545 15.6245391013 14.8659262792 13.0585414249 15.5569439251 13.9417889104 10.3921558958 13.4797430056 14.4135715770 0.0000258162
0.1237626323 6.8586431354 0.8729229627 7.5061999887 10.8636807785 4.7015850990 15.7424728523 15.9948529382 15.1899734769 19.7145748456 14.3849219607 14.1319011526 13.6888253619 10.9776118384 11.1176736717 0.0094143506
6.2956598195 4.7041488581 3.7166972547 7.7373543454 8.0006126060 15.2666372170 11.5827503314 14.2430789579 13.8926914808 13.7721863455 15.9985862221 12.6173322348 18.9248119123 11.2276288628 12.1516109752 0.0000475993
2.1080478504 3.9212727622 3.8149450010 9.9810057452 5.2364898797 15.0350698819 11.6667854658 13.8782399266 13.6709536500 11.6532115965 14.5247365862 17.2119938024 16.5485161610 11.3531968050 12.1617948790 0.0000446348
2.2947514448 15.4377666713 0.8378088872 5.5169005588 3.9624066312 15.2302093795 8.1947594389 16.1048841035 15.3005969820 13.2964212614 14.4961680397 14.2433245142 11.4961228241 10.3694961708 19.2707252021 0.0203004554
15.9599357127 3.7343856537 9.3112956250 5.5535765384 3.7974328021 13.4254075254 11.9164708662 14.6191427928 16.4078703921 19.1047169232 13.7442860122 13.0042988724 13.8673593243 11.9210651339 11.3218225706 0.0009529559
12.8440575441 3.3078873041 3.9748413461 6.1027552080 8.0713136048 15.2925056026 11.3194191630 15.9803661226 15.2393502340 13.4032123427 14.5006991586 14.2690184395 11.3451715446 10.4744548708 19.4567721528 0.0000078212
4.2511464052 4.0064845023 4.0047659044 6.6136366312 4.7481018692 17.4395224083 12.3189340624 14.8527275125 17.0124265306 11.6516212950 14.3932074832 12.0900426037 15.1311081841 11.7589200731 13.8532689997 0.0006134313
11.6025201772 3.1938564635 3.9966846212 9.9836342427 4.0290668509 13.6954963666 11.3710751783 16.4001722106 15.5215388559 13.5357718606 14.7256645563 14.4752152894 5.3904721566 12.9055973043 13.6693601663 0.0134714521
18.7364805340 6.7736122368 2.0624487485 5.8759467028 7.9953445227 15.3383050040 11.6947381814 15.2249661734 15.5749759076 14.9804984363 12.7057152315 11.7090165508 12.3166428709 17.4281130441 11.8229552266 0.0000209410
7.2721793826 3.9905395774 3.9797699443 6.0803332074 8.0620601498 8.7266259348 16.1344318289 16.2700596460 15.5225821068 13.6843335052 14.7874712876 14.5555768782 13.8050884051 12.3010816367 10.7256156289 0.0000058500
12.0201154349 6.9841067020 1.1491453393 6.0991969570 10.8034823049 13.4816934678 8.3414312538 16.3254304212 15.5430360086 13.5762092575 14.7554923424 14.6809694637 12.2796901000 10.0406430069 14.1511388709 0.0092556640
13.2113646502 0.7636065179 4.2404200977 9.9831781902 3.6620654623 15.3268560195 11.6255823872 14.8495642981 15.9886445165 14.4737924057 12.5876440284 12.2157438909 12.4561002804 16.2987626604 12.4299171121 0.0000187744
2.7548163710 1.2241519375 3.8287096471 9.9792920244 5.6456292573 8.9815392261 18.7411087287 14.4001626695 13.7808933852 12.7951933633 17.5221684138 12.7893211544 14.2070322066 11.3390572875 14.4203262514 0.0000426520
6.4443533392 3.8415461639 4.0000472940 6.0052771824 7.6451053766 18.4014510661 16.6578796416 16.0519833591 13.9589738702 11.4878495392 10.6924921585 14.2352305257 13.5312570349 13.1943924290 18.9253464867 0.0005730775
9.4263237991 3.9446887514 4.2193475769 9.9765746622 3.6750753928 9.0214217364 18.2867724450 14.1229005721 13.5846026033 12.9833185693 17.4537762276 12.8681467409 18.4760975601 12.0494976465 12.3031812043 0.0000163632
15.7811893857 3.7993802118 9.3113117265 7.0238386678 3.0858539658 16.6142031755 12.0263442147 15.7890196055 15.0440299417 11.2460300905 15.9841003691 12.6510296969 19.3639241837 12.3991841459 11.9152070114 0.0009530784
2.0761717703 4.0738285486 4.0018828295 9.9836521568 4.0034957598 13.7861296599 11.3713098004 16.3193198746 15.5254208988 13.5255596551 14.7217365859 14.4759701557 13.5330569079 4.7628725147 13.7174542657 0.0134709134
13.3777086874 7.1730452788 1.0813144553 5.6497507506 8.0003896480 9.5444847695 12.4063344312 15.5096135642 17.3504907225 12.8365424838 12.4974694832 17.6140579097 13.1297044056 11.5313737642 11.6517110370 0.0000130951
19.8158944038 7.1860553457 0.2956049928 5.6418317727 8.0149236294 11.4446763801 11.6385861118 14.3770319013 14.1816230376 16.9612796074 12.9050284580 18.0007154901 13.1372655030 11.4602086636 11.9402034444 0.0000147244
0.2118606991 7.1840532559 1.2140828514 9.9837819842 3.6584576621 8.9686289679 14.0337330191 16.8147005646 13.7764577293 16.0694938700 13.1836491485 15.1294714250 11.4557163075 11.1348257878 13.3366986233 0.0000143859
17.6575709614 7.1961053101 1.0824440306 5.6270879325 8.0002772051 10.9832459124 11.6509620418 16.2467092128 15.2111112374 16.3609652925 15.3652155016 12.1602959794 13.1438894049 10.8750531161 12.1805802933 0.0000154334
15.7002348531 3.3723281808 3.8555156170 6.7924125868 7.9995382445 8.8579313222 14.0517590470 16.3355043440 16.0943510925 13.7712094269 14.8691532747 14.6377350211 12.8278677339 9.7671844669 13.0098612202 0.0000230072
2.7906668539 7.1966792560 1.0870512390 5.6393306536 7.9968434563 9.9727135433 12.1028529393 15.9733242707 17.7186777671 15.7590587518 12.6211915021 12.4572735092 13.1258310119 11.4706592985 12.2338620566 0.0000150557
11.7518009620 6.6290312395 2.0357276496 12.8384483952 5.8215492321 4.6540730406 15.7760575816 16.0295821159 15.2265229870 13.2250180032 14.4232328229 17.3896785900 11.2188520444 13.1348645307 11.3538031897 0.0093981805
13.5819806046 12.2990060533 0.9894072184 7.9142587507 2.9897114585 9.5977277168 13.6768323152 14.4981429706 18.1673078734 18.8619091874 12.8610130955 13.3430482756 11.9141148884 11.3869764908 13.3209044445 0.0009540736
14.8308720527 6.1735286121 2.7365049856 9.9836271523 4.0336453977 8.7781939289 16.4234700105 16.3195769528 15.5203446625 13.5146743554 14.7107713721 14.4586603801 5.3261653658 12.9720422394 13.7379448152 0.0134709901
14.8127211888 4.1557764917 4.2269632719 5.6379045310 8.0004502377 13.0501605285 11.6067914050 13.6981530981 17.0441360636 12.7562687596 17.4884470919 12.9638031095 12.3428435441 11.8376139567 13.6838297125 0.0000171498
6.1752507653 3.9241769743 4.0052326722 6.5630606968 4.8111523697 9.7354718247 19.7034544160 14.2166935614 14.3324710686 11.6771740476 17.8537380747 12.7418897547 16.0566335018 12.1607459474 13.3128730168 0.0006134156
1.4498176373 3.1866442674 9.3112557244 5.4972560444 3.8707869857 17.4095345785 12.0283977641 14.8351346601 18.5174685745 11.7125185381 13.4380348223 12.7971127879 11.5653821136 13.3224621718 14.9939766898 0.0009528175
18.7173181866 3.7983122897 4.2487772715 9.9837826883 3.6471075977 10.6253171967 11.7335076350 16.8963834680 15.6302916204 11.1752368251 14.7201643105 16.0510019522 11.9241250553 10.9241437867 13.3303667376 0.0000187224
14.8065344110 3.8201333614 4.2388987939 5.6327127673 7.9961817548 9.0032623231 14.3745588635 14.3018985628 14.6855405722 11.6345113050 18.6624007948 16.8591202484 12.6762928601 12.3671559512 11.7507590517 0.0000180157
3.5256027223 6.7563031951 7.8667297800 0.2416496624 8.0104528701 10.5231652000 11.6697294636 14.8518084630 19.3227509095 14.2531727391 14.6441899768 13.8802411458 11.2937744168 10.7908329080 13.3384475869 0.0106189829
17.3138522432 3.9380915110 3.9291583680 6.3064782393 7.6437955983 16.4234834837 16.3799094245 13.4181165166 11.9179339535 12.8540494532 12.3532457910 14.9646224901 17.6244452236 12.8589608786 13.6730503299 0.0005795701
3.3594930886 6.1599350407 2.5848465689 9.9807488803 5.6189479241 14.5468847965 11.6860684419 19.0824325906 13.1830181832 11.7597912381 14.8423012132 12.1987423382 13.6864053798 13.4501475595 11.9251090741 0.0000501657
8.9122499391 6.5909999240 2.2717210013 5.9903805296 8.0503245229 8.9919919939 19.8541618873 16.2766548246 14.8966076425 11.0943116183 15.4860917860 12.2132658219 13.1776350631 15.9384688696 12.5233832475 0.0000045325
14.1087672640 3.9761188826 4.0029622518 7.6611763691 4.1995207218 17.0449452225 12.2298816501 14.9553422224 13.4375775442 14.1992539181 12.8557900040 14.7700860384 13.1583350640 11.1263060549 17.2460558693 0.0006134055
6.1706000919 3.7977757415 4.2565457548 9.9805148336 3.6396141615 17.0733095057 11.6260996022 14.8183298792 18.9795885332 11.5653942080 12.6689676685 12.9359264700 13.9626294107 12.0330196560 14.7035885602 0.0000200171
1.7040836052 3.7987495900 9.3113127036 5.0379928261 5.2516786040 17.4048808346 12.0824349406 14.0592715565 13.8364475864 15.9081067949 13.2147920728 13.6066574063 17.8088087533 12.5104356472 12.4051675796 0.0009530776
19.5305054781 12.2990956974 0.9908825396 5.5685173062 3.7775298934 9.4898229879 17.0613583790 16.7514455849 14.2493974368 11.5590819765 16.5533522875 12.1344962524 12.1535489606 13.5007716288 13.7414506321 0.0009541431
10.2723210616 9.5737204886 3.8384336279 0.3584870872 8.0105850849 8.8060512826 17.5630160769 15.8011794717 16.1724002704 12.7295252607 13.6893443984 14.7221952954 11.0368208707 10.9884418355 16.5874211994 0.0106195095
3.2062065970 9.5330325378 3.8424315484 0.3427011664 8.0106906349 8.9569237669 19.5588874466 18.1794610282 14.0376143793 12.9937589087 13.3028670063 12.3233918536 14.7760952125 13.3104144023 11.6981170987 0.0106191556
1.1320742260 3.8009901925 3.9996268332 6.0066619662 7.6463254581 18.3221926989 17.9255233951 13.2181943183 14.9473693498 10.7423474438 11.9611818364 11.9727798541 14.3776269455 18.8723908367 13.9999176664 0.0005696443
14.1486755757 3.3327392773 3.9988313266 9.9706835314 4.0212961104 16.5279469065 11.7779494118 16.1970487894 15.1110754005 13.6224105607 14.5078850312 11.1445058428 12.7157185749 17.6656923068 12.8985084632 0.0000154022
18.8114479369 6.7727750157 1.1858662517 9.9829501032 5.6484590763 9.0255972526 13.1569775842 16.0815787472 15.3147750159 17.6835198666 14.5706404701 14.3388413005 10.4639821093 12.2468129833 13.0044826575 0.0000432073
11.3242857465 3.8069099111 4.2646022186 5.6092697710 8.0001910742 17.2662966751 11.5992001625 15.0918174674 13.3702451951 11.3825919650 14.9915036190 15.1413345617 15.9624708657 12.7833746249 12.2782553470 0.0000210636
3.7790346499 4.2912185642 3.8352582626 12.7857510780 6.0629480823 13.4894783604 7.2924984347 16.3945655781 15.5678639332 13.5838701515 14.8031331583 14.5262224398 14.0149679323 10.5921799521 11.2984600592 0.0092925029
0.4350019860 3.3251965626 3.9948074635 6.0189073451 7.9999834270 9.8816585950 11.8891253098 16.5029493889 15.7397546261 13.8028906469 14.9404724427 14.6936629837 12.9028420800 12.3186313445 5.6174213454 0.0135652298
5.0772222226 6.6480809355 1.8102628918 8.2460074988 7.9976950422 10.6237719993 11.7333253697 18.8051184198 16.7773796714 11.9604880224 12.8009605527 14.5086109097 11.2618601385 10.8262233196 13.3401885889 0.0000570807
7.0951618998 6.8394553627 0.6644399823 9.9835790081 4.8424188106 9.7466894681 12.1038563502 18.2288122046 13.9425049617 14.5542147680 15.0751491478 13.1569110061 11.7331042414 11.0483937812 13.3087254656 0.0000223811
12.5694829732 6.9572047223 1.4577390011 6.0032729027 7.9940838073 16.1491208480 11.8209900506 13.9778764784 12.8352810617 15.5862628975 12.6542849393 14.0303180347 13.1546179198 12.6007472812 15.1227052122 0.0000208232
10.5721216355 3.7991590263 9.3113199033 6.5590777945 3.1878760572 10.2475782105 12.6656999803 14.3046714416 14.2153950520 11.5710748609 18.4872828252 17.7093444381 11.9861521220 12.1502290071 13.0739044790 0.0009530780
17.7690275439 3.7994002810 9.3113141387 5.5719332776 3.7751355044 15.3325668901 11.9062192269 19.2043915256 14.5229393098 11.7268231985 13.9024345877 13.6523072123 11.9566520022 18.6801360385 11.5241788283 0.0009530784
17.2248972196 3.9761931432 4.2527057031 5.6184136127 8.0000798918 14.1889778882 11.4848804945 14.6193156346 16.9172179490 12.4255905168 13.2567484345 15.3245889894 11.5707569173 10.9553759395 15.0458880548 0.0000199247
8.4172400961 7.1390245507 1.2655888998 9.9834902695 3.7046355357 18.0881112308 11.6437674909 14.3356634843 14.0269682007 12.0952362009 17.6716006374 12.2918390319 16.0937127503 12.0573911932 13.4217161200 0.0000101353
17.1390976515 3.8581069625 4.2563346042 5.6171859884 8.0218472109 15.2969572685 11.3627331558 15.9450635641 15.2228188812 13.4370034959 14.5044655514 14.2782546591 10.9853284115 10.8719082039 19.3951934464 0.0000206892
6.6367728961 7.1804867122 1.1819021292 5.6371852895 7.9998774024 9.2977820189 13.0663436869 17.6402602219 13.1321466326 18.7773813574 14.4796728771 12.5700073633 12.1084004121 11.5776856039 13.2883834725 0.0000145640
7.2068093271 3.2417861389 3.9351793876 6.2722304963 8.0159979367 19.6546885121 11.7685598651 13.5257405845 13.3686634835 11.6323460007 14.2857531640 16.0435331003 12.9202936819 12.1512320650 19.2255116199 0.0000232333
6.1237479841 4.0851465940 3.8953849652 6.4731789870 8.0345478776 8.7905852700 15.1841103566 15.1783361042 15.1991871520 19.9675356336 14.6182316969 14.7349777477 11.0347678873 10.5503154051 13.5101000497 0.0000131807
10.1382970553 3.4992455539 4.2387596464 9.9774860469 3.6571839086 8.9954441939 19.5926118157 19.0944209833 13.6233146610 11.8997886978 12.8267736160 13.4991504455 11.8183580957 17.9060670563 13.2440136174 0.0000176654
2.9723116791 3.1163048574 3.8486344692 8.3544626474 10.8414622146 16.2669335540 7.1733130035 16.0334916603 15.2305623978 13.2292560651 14.4274054801 14.1749256777 12.9314656453 17.4172628558 10.7820122435 0.0094004247
13.7027191827 3.7974104033 4.2647720154 5.6087479038 8.0001870969 9.0220487839 15.3270076172 14.2017733870 16.1646236158 14.1854798661 16.2970621502 12.0538469060 12.8512997477 12.4218858296 12.6764809211 0.0000210927
1.6451489681 7.1085962138 1.2384468972 9.9839184482 3.7411293735 9.4772030089 12.3324730902 17.2445107660 14.7545019479 16.6489868096 14.6715016551 13.0031756054 11.1910107194 12.5712213530 11.7381107633 0.0000068905
15.6189167989 3.7075245240 7.3275357742 4.9768917592 10.8281977113 15.2487168748 8.9125769543 16.0805795040 15.2868643542 13.3088744934 14.4929702113 14.2434341993 11.9183608495 10.1693555025 18.5898397185 0.0095245596
0.8266391779 3.4606530316 3.9999893793 9.6312185356 4.0230298146 17.7538902065 19.3514026299 13.6547954601 12.4276013740 11.1578263802 12.0588662523 12.5915832759 16.1467121743 15.2322280892 13.7591567108 0.0005706205
12.6233814764 7.1244943962 1.4229309164 5.6758424231 8.0040896354 11.4846756725 11.6655352477 14.3216594088 13.9078499030 17.8914988013 12.8754416810 17.6232884399 12.0433019170 11.7726034242 13.2600880691 0.0000105292
6.6074342554 3.7994713806 9.3112947505 6.9103083541 3.1060658836 14.3497749936 11.9653834838 14.0447242384 18.8555153657 13.4540218565 13.8289328972 13.4620258887 11.6781098081 11.4215178586 15.2618374046 0.0009530829
9.2077341441 3.8159678825 4.2540899366 9.9837208469 3.6405142427 9.0367647133 16.5223447938 13.6656864558 14.8446345904 16.8093628444 12.8953085064 14.7807256760 13.0088179829 13.1818076881 13.1840954564 0.0000195362
11.1991988307 6.9008069552 1.3990060088 6.5594823041 8.0346196978 8.8972495675 14.3198980004 16.4535700046 16.5184165261 11.4311274427 14.4384418451 15.8295768937 11.4719595489 11.2272506732 13.3542598085 0.0000150768
3.0155006017 3.8067449650 4.2535677206 5.6192061886 8.0001707103 17.4066890627 11.5215149925 16.8198686973 13.1258798293 13.3378269171 13.8605914438 14.0996252684 13.4634818435 15.1517934818 11.4773529767 0.0000195676
1.3324394993 6.5830678004 2.2781488858 6.0035537079 7.9888247673 9.2644263775 18.6071456967 15.4547272899 19.3088271849 11.1900139089 12.2365805903 12.0106174292 14.7040642964 12.6841066639 13.3978671583 0.0000269190
8.3977407869 3.8244011291 6.2348559023 5.0049031109 8.0000187553 15.7155619262 11.4735921164 16.5085315123 15.7737589136 12.7927523597 12.6229049396 14.1925568554 12.7285013368 17.2523084255 11.2528845090 0.0003810299
15.0901449582 6.9774465994 0.5374017726 9.9836306172 4.0550478496 13.2715290579 11.3877494220 15.8912551838 15.1402780707 13.2620777939 18.3669255871 14.1479684107 13.2522778599 9.6430701637 13.4332179926 0.0000122902
13.9533043262 3.7947173741 12.4055415937 7.1439234677 3.1444766814 13.5379051414 7.8984502459 16.3839295235 15.5799326235 13.5740180422 14.7749755166 14.5218058601 11.1202996025 13.4745816705 11.3561097240 0.0201698691
5.7638023693 6.5703535117 1.9877735960 9.9798201260 6.3061266791 15.3535741851 11.5900938393 14.5926482028 14.9139415474 18.9186340364 12.7570631226 12.5883175126 12.0174726809 11.2501929369 19.1239595204 0.0000553753
2.5467601453 0.7283163530 4.2201834107 5.6509885944 8.0000676654 8.8572238079 18.3791668435 14.5615033998 14.8164899810 13.1098442059 15.7983766879 13.9186074355 18.3287049517 12.1513756630 11.1156063517 0.0000152819
7.9909473628 7.1638450707 1.1419597569 9.9927056115 3.6849592043 9.7931362258 12.2765767651 13.9384770585 14.1364789018 16.2608563048 13.3932566097 19.7237536037 12.2357918599 12.5025004587 12.3430321586 0.0000118659
0.4698895866 3.7207990832 4.3445898922 5.5445141165 7.6458668901 15.8334702002 17.3652756825 16.3478328403 13.9630167064 10.1435546557 13.2594617791 11.0739291353 13.7246384805 18.0833763912 14.0564695402 0.0006089086
16.5547488367 5.1378829208 3.6839588362 6.1419679493 10.8036009871 13.7020509955 8.2712738234 16.3256875229 15.5378176247 13.5583253380 14.7442767362 14.4948566617 13.3795379623 12.9809917732 10.7051144691 0.0092593385
2.7239243159 3.8703056706 7.2555375641 4.9755745583 10.8101262478 15.2844206783 9.4946172048 16.0783622042 15.2860025816 13.3104024365 14.4931299298 14.2438729990 11.4287664186 19.8980086016 11.1833334095 0.0079270441
16.1610472401 3.6630460559 7.7261831371 12.7853428781 3.0035046324 13.6681185666 8.1005567220 16.3543771228 15.5509740726 13.5480112203 14.7470843384 14.4943752457 5.5100841645 12.8863023974 13.6536085101 0.0232038337
8.0011426315 12.2991180250 0.9896979333 5.0750220956 5.0026901150 18.4365132786 12.0331129628 15.0638588924 13.3726418800 15.8851433218 13.1692470809 13.4345631874 11.7470600921 12.5579349154 19.1335792195 0.0009541307
2.7616465276 3.2884365897 4.0013897246 6.0028614918 7.6498184636 17.8171154553 15.5308517803 12.9313036216 16.2657734318 10.2691606944 14.5936379984 12.1223826826 14.1289524826 13.0478345684 14.1065865140 0.0005600451
7.0176205652 2.3246898470 3.8409283893 9.3123275628 10.2256306448 4.5046249476 15.7458319539 15.9985409324 15.1932701129 18.5837925633 14.3876091868 14.1343916511 10.6110682857 12.8829553045 12.9928840840 0.0094261478
7.1618383397 3.9569088003 3.8352594480 9.9845313738 5.3888499292 9.8728580483 11.9067169735 16.1038392686 18.4396764961 13.4243698102 14.5694441104 14.3281821637 12.8255601208 12.2518805619 10.2367025916 0.0000698429
14.6068859994 3.9537891361 4.2500019427 5.6210485154 8.0001290758 15.6185429869 11.5988954753 14.0074736111 15.5520674152 14.9427461495 13.2446662267 12.6960265506 19.9052681376 11.7974277121 12.5421499115 0.0000194033
4.6052925528 12.2990925719 0.9907943199 6.2918238946 3.2766897732 14.8138393518 12.0571112050 16.1275590076 19.4051729181 11.6553397035 12.9640713178 12.4958963075 15.5060340405 11.5827688703 12.7900632035 0.0009541421
1.4008371407 12.2990934996 0.9909823544 5.0949729519 4.8947581432 14.8628228433 11.9685723888 13.9548223853 17.5160846825 12.9980102756 14.2350774638 13.6537239091 11.7654358189 11.3793752272 16.2384626167 0.0009541441
9.9600853057 3.8227209312 4.2634585479 5.6096983730 8.0052887826 18.2574367550 11.5840755816 14.0575026765 14.2107948534 16.0217832302 13.6256453188 12.8086246199 17.7061577077 11.4113710101 13.3549792777 0.0000212729
6.4976772932 3.5582583015 4.2626979597 5.6108511052 8.0001477611 15.7964840670 11.6468340530 15.0671442128 15.4970961834 14.9011313469 12.5313128566 12.0580130477 13.9188751047 12.9500122869 13.7896194275 0.0000207534
15.9960545922 5.5469356721 3.1653054577 9.9352666728 6.9160412713 9.0317734617 17.6875639096 13.6693644175 14.1214796633 13.3244078055 17.0631445677 13.2094851808 14.2164152515 13.2753651793 11.6754612658 0.0000621055
15.3089386862 2.0969058931 3.9925990234 6.1487361694 10.8364050736 15.2114381931 8.2127770756 16.1055608394 15.3016155788 13.2984036312 14.4975589411 14.2448520125 17.9418926658 10.2315306262 11.9484292089 0.0093322002
1.5379992192 7.1850932509 1.0980547108 5.6377669121 8.0002503903 13.9441043975 11.6036530247 13.7013751575 15.6075380197 11.7950042688 14.6344819315 16.5091988141 12.7581350033 13.6480351805 12.5844020514 0.0000143092
3.8335334234 1.7987990023 4.3075789647 5.5718635779 8.0001588419 8.9600011300 13.5032058912 16.2588486734 14.6372994692 17.5002555533 14.2539415900 14.9456400060 11.6772101792 10.3513876704 13.3378695569 0.0000273655
14.8327738505 4.2798979569 3.8070222643 7.6271784619 7.9982966013 9.2976163445 13.1333406899 16.8574089518 13.1424056762 14.2615728327 16.9181768657 12.3479373764 12.3031715837 12.5065568739 12.1681936845 0.0000433437
19.7633889484 3.7990531098 9.3113135277 5.8838184471 3.4924381951 13.9114514840 11.9243009242 16.4167844270 18.1374392930 13.1794227869 13.7173061239 12.3070570220 12.3408350421 10.6787707502 14.6213612157 0.0009530775
6.8427810982 7.1975433835 1.0802557801 9.9838356834 3.6505654308 8.8126350628 17.7824937318 15.5417550526 16.8509007289 12.9665640806 13.9223241609 13.9422842767 11.8610873679 16.8608015712 11.1089747479 0.0000153403
11.6471768544 3.8004785886 4.2287776411 5.6428291044 8.0004504557 9.5815406891 12.3998048895 14.8581992860 15.0545480411 11.3342368060 16.7528683852 17.2353806659 13.0909009386 11.7649972106 11.7380474134 0.0000164654
1.0029131914 4.0093374526 4.0015436477 9.9836487909 4.0070475064 9.8462679659 11.9117976596 16.3555630059 15.6490572713 13.8583135059 15.0547589060 14.7820226549 10.2182657941 12.2500819067 13.0058553957 0.0000120183
2.9360231721 3.8001597380 4.2623346708 5.6109765028 8.0002519229 15.2270343128 11.6200237397 14.5103175615 15.6233067850 14.9660009270 13.6504986675 11.9128358094 14.8761206522 11.9525710668 13.4858181465 0.0000207651
13.3919349676 1.1034328802 3.8706759992 7.4990290823 10.8275040732 13.3347845496 7.3097756408 16.1645684659 15.3743992667 13.3983032890 15.8342157638 14.3330319378 13.1207628776 9.9761338933 13.6045457223 0.0093262714
7.9536514222 3.7728713244 9.3113124585 5.0139368664 5.4544293257 18.0464632603 12.0635791623 14.4503251965 13.9694456287 12.0110542657 13.0504144571 17.4561734561 13.3567202974 15.6218037912 12.1437506302 0.0009530130
7.1671874590 0.7339273792 3.8393009904 12.3279702635 7.2315704213 4.5280460220 15.7830000804 16.0370161265 15.2345711233 13.2349068749 17.4594598012 14.1796963098 12.3623463866 13.0867252015 10.8442646515 0.0094039054
18.3477043336 3.8700960908 5.1546550125 12.7881919164 3.2614299844 5.4307630576 16.3146666466 16.3118513598 15.5284060271 13.5646466147 14.7422089163 14.4937608521 14.2680435002 11.0955924857 10.9885869043 0.0094711345
0.4462343164 12.2990504516 0.9437069104 7.9434536024 2.9882262193 16.8248979281 12.1100941766 19.2611063463 13.5979139897 12.4772169689 13.3193514372 12.2155617917 16.4529251678 12.1461823659 13.1804230270 0.0009536433
2.3950027910 5.0190139219 3.7690626394 7.6741583532 4.2045609756 19.9130179079 12.0748896194 14.9782218301 14.4737229567 12.0087727607 14.2913604004 15.8081148235 19.8204469657 10.3828427899 13.3397261861 0.0006134135
17.2174924902 6.9601525891 0.2490429804 10.0187724724 4.0786449277 13.1864472846 11.3536911432 15.9062969102 15.1621486361 17.7682693592 14.4189890915 14.1855091106 13.7702999702 11.1923959698 11.0224359964 0.0000043284
16.1487495560 4.3357585291 3.8427285259 12.8457248041 5.8962168128 4.6416694688 15.7475756919 15.9999826399 15.1951659439 18.2164592969 14.3902276271 14.1372357848 13.6815834878 10.1581072180 12.2243738519 0.0094161310
12.8964323160 3.8244727382 7.3652730782 7.2382619322 10.8017875475 13.5674046663 5.9067788715 16.3481228615 15.5749555162 13.5793141523 14.7676066826 14.5166731117 11.9043483631 13.5087558450 10.9008080814 0.0100316594
14.9290597021 3.8703960945 7.1786120334 4.9529095432 7.6443573400 15.1788410755 15.9374364221 15.9371729506 15.2199299631 13.4509426501 14.5071775238 10.2591722079 13.3258802843 14.5485776568 13.5059214624 0.0010259280
13.3983326509 0.5960156962 3.9932838326 9.9836563399 4.0416843616 19.3228220377 11.3886749952 15.9201635921 15.1545930607 13.2511748730 14.3899214504 14.1497638605 10.2239841581 12.5738853064 19.4702259489 0.0000127153
15.1373320553 6.9144101494 0.9131812886 7.2630333979 4.7964006696 9.3378532520 17.1869830291 16.0922004025 15.3398970458 13.4631621563 14.5866695730 14.3498229060 14.1557437590 9.9384795496 13.7916518314 0.0006178893
6.7751188046 3.8242354037 6.9963684929 5.0241032935 10.8037716182 5.2855076640 16.0679333412 16.3537149734 15.5669648289 13.5895534359 14.8504953260 14.5253687188 10.7589386178 13.4133887760 11.9606242401 0.0097056195
8.7164257079 7.1145714759 0.5998312254 9.9819550569 3.7576260372 12.0721216953 11.5701315322 17.2202539290 17.4469415699 12.5868539104 15.0587028654 11.9917369861 11.1103149544 10.9017508768 13.3663178838 0.0000218635
19.5002258837 4.7489573929 3.7194525746 7.2595526809 8.0006550457 9.2417399681 13.3247918420 13.9876765749 18.6879506167 17.0897644240 12.8360141739 13.2328989232 11.6931846841 11.7802889935 13.2877359377 0.0000372482
11.6460862043 3.9783154745 4.0615445681 5.8691821932 8.0708410703 8.7199642673 16.0184803416 16.2258115382 15.4948017884 13.6621100590 15.0015197358 14.5307812499 13.4102389057 9.9451285367 13.4345628765 0.0000090763
2.2565169375 0.1122667584 4.2281074960 9.9835145928 3.6670643629 9.0323302590 18.0734203048 16.0484836910 12.8834118271 14.6358905189 14.4277964435 12.5995155969 12.6844897721 15.4460937232 12.8639312391 0.0000162099
7.1407190342 3.8299430508 7.2819043187 9.9836552215 2.9634326134 16.0784824880 11.3855727485 15.8857918300 15.1663580572 13.3837031578 14.4514299738 14.2234712783 13.6705142442 9.9766761875 15.1016258954 0.0004552145
6.6793704619 6.9364515435 1.9794157555 5.6435696381 8.0001119967 19.7227028902 11.5014936447 15.7960683618 16.5360072557 11.7294360611 14.2876235362 12.7486847993 13.6847439131 14.7330567788 11.0910240611 0.0000136442
7.1238311262 3.7842572648 4.2611513353 9.9837799441 3.6354254408 12.0552856136 11.5524532719 19.2074631043 13.4219029689 11.9278676003 14.6400253229 15.7488761442 11.7909751359 12.5854997284 12.0332818553 0.0000203866
6.5647583674 4.1680064742 4.1970280801 9.9938325246 3.6917913128 16.3070374729 11.6380699735 15.4151918893 13.6224864949 11.3375683890 17.9937334227 12.6910182310 13.2300744484 11.5050686635 16.1891825067 0.0000146974
11.6898370096 6.8330818930 1.2311732080 12.8420071147 6.1089919893 13.1653089574 7.2048016667 16.0089675708 15.2041745496 17.3331278173 14.3992304139 14.1462330845 11.2049931438 13.1192500574 11.3750073489 0.0094130702
19.2980206293 7.1951806522 1.0661190570 5.6281621672 8.0000824811 9.0049190205 18.1893304418 14.6286016711 16.1744545786 11.5179706449 15.3649666596 12.4262154833 12.4155554176 17.5765334611 12.5984266714 0.0000154016
13.4616061625 4.2035862926 3.9920764087 6.0005381042 8.0000031139 15.5483222935 11.3825726735 16.0257826165 15.2487333368 13.3113143540 14.4712474217 14.2267938432 10.2126793647 13.4590957335 14.4165965051 0.0000110818
13.8524203010 7.1890242144 1.0183681046 9.9837337303 3.6609861455 15.2120814099 11.6476004943 14.3016565762 13.2549785453 13.0606782298 12.9479564316 18.3668429162 13.6062775050 12.6915494900 14.1274657022 0.0000141267
8.4135183461 7.1890156356 1.1085949411 9.9838309623 3.6574533485 15.1882971705 11.5629077536 14.0454416534 16.8502239575 12.1532346917 14.9534388887 12.9768000427 12.0638883868 16.3031805435 12.4167337289 0.0000144235
9.3604980565 3.7983513387 9.3115935214 6.1131067771 3.3571782552 17.6510741697 12.0738882401 14.5284222855 14.0147225836 16.6639890957 13.0022473844 12.7760843753 18.4496838519 11.5344281137 13.2835062215 0.0009530767
3.1512873647 3.1195035969 3.7958760897 9.9829851269 5.5527346879 8.7780326887 16.2551876420 16.3338329389 15.5808440433 13.5485108442 14.7405163034 14.4891772326 13.4712282285 4.8427700529 13.6543406248 0.0135108828
0.3011226229 3.0731542287 4.0062548150 6.5604221310 4.8149568607 9.6745590898 17.1493860641 15.0123272951 18.2708519218 11.0044698303 14.7810431981 13.1045173719 12.5489069014 14.5427379018 12.4753767230 0.0006134151
7.3470345794 6.9772602378 0.7905579677 6.1196145865 10.8556695081 13.1649181702 8.7602015032 15.9975647466 15.1967702064 13.2008744920 14.3957283846 18.9438784599 11.5617501694 13.1166286351 11.1157285374 0.0092607759
10.8292484725 7.0742201959 1.7451067949 9.9840408760 3.6580038244 8.8736330846 18.7950318157 16.1973717090 16.7386545480 12.2756683023 13.6921942656 12.8662356587 13.8794186037 14.0614644000 11.0536747458 0.0000139388
14.7027388546 3.7169136577 3.7587853727 9.9635671154 6.7133426570 14.5409054229 11.6282896378 13.7166012904 13.6710152096 12.9053487480 18.5436068962 14.1405408203 15.3647738579 11.4541108852 12.1892314053 0.0000614568
2.1375395770 6.9849005462 1.0595246066 9.6547868633 4.0230307385 15.1229710843 14.2880200397 14.5124519864 11.4863904081 13.3686186300 16.9668257958 13.2304197776 13.4361011487 12.8703051592 14.1115688017 0.0005074009
13.7103825613 3.6800670826 3.7759508648 7.9931150958 7.9975281625 9.0287667097 15.5526026923 13.4308430754 15.0393228320 16.3950699384 15.2850823280 14.2145773294 12.1560313228 12.9410236231 12.0446650063 0.0000519845
