6.49988 10.64033 1.52481 16.75804 4.22439 16.84354 4.52602 15.04482 14.22425 13.64355 12.69672 13.24943 17.57631 10.38098 10.49365
5.97743 11.02486 0.11974 15.13813 6.90822 15.37704 4.31007 18.34645 12.61658 12.70793 13.51078 13.82640 12.57439 11.89181 14.26339
15.51926 10.26468 9.61245 2.06957 2.11185 19.89951 11.69881 14.79564 14.28540 10.71285 13.34572 17.07982 11.84177 15.05261 9.10905
7.53921 10.83490 8.98616 17.64704 2.29529 10.13507 1.47444 18.37674 13.08155 12.73982 12.84199 14.11435 11.78094 11.46966 15.73397
18.28867 4.46514 4.14739 10.99689 3.60692 17.72724 10.46630 13.99638 14.09408 17.09482 13.20973 13.08484 19.15241 12.41601 6.77736
5.77306 4.76683 4.52700 4.80929 7.92254 15.17495 11.76162 15.38974 15.28385 15.50004 12.40525 12.16393 11.97552 11.18391 19.24494
13.44288 19.63900 13.65463 4.79810 4.86650 2.85107 0.04447 15.16053 12.89864 11.30831 14.59601 19.53227 14.27988 10.88690 9.04810
14.24127 2.96748 11.95998 7.42014 2.19814 11.19218 9.76834 14.30385 14.22387 16.89299 12.23453 17.14234 12.46977 11.83545 8.72498
4.88743 6.88427 6.15694 9.14606 19.90558 14.07425 0.37329 16.64607 13.71844 10.90317 12.45710 12.83001 14.55297 19.04377 8.13812
13.30117 8.38754 9.18383 0.82897 16.76129 9.78714 4.66383 14.64093 13.41185 12.64025 18.23627 12.50576 12.04605 16.82351 8.49679
10.48963 11.90939 3.86885 6.51262 0.29081 10.56639 17.42581 15.74040 15.55438 15.02687 12.60957 11.81367 15.61801 11.71288 8.10967
0.61154 10.93043 8.94974 2.01817 18.56116 10.67317 4.20505 14.25069 12.98806 14.31641 14.88574 12.36253 13.25842 11.13596 12.43521
18.73577 5.96244 3.02207 6.36038 4.48946 19.21090 16.18923 16.57832 14.98423 12.60037 13.50186 11.26323 13.10137 19.09805 9.28340
9.85054 19.84926 4.56070 4.94752 16.80707 6.49085 1.68038 14.26277 13.09984 13.13032 12.77196 13.83187 11.97140 14.95471 13.46021
3.93630 12.09545 4.09331 1.75095 16.38943 3.59295 12.78330 15.68215 13.17948 16.24251 12.08886 13.02117 12.80955 12.58065 10.94504
4.19513 9.61515 14.87391 11.85862 1.18391 7.17913 3.50893 14.95446 14.25056 17.40287 16.32177 13.38022 13.47213 10.35400 7.97730
13.43475 9.99804 17.35629 1.59870 7.37013 1.88409 12.62888 13.68043 14.83837 13.98546 14.53190 14.47627 11.91296 17.97591 7.36974
0.22413 3.54104 8.67517 12.96497 18.76988 1.78443 9.29756 17.14462 13.90838 10.93327 13.13926 14.63210 11.39384 12.87624 11.30828
15.07669 4.31647 9.64201 11.03892 7.59051 19.92425 4.23122 15.18946 15.18444 11.34869 12.11275 15.79189 13.77672 10.75046 10.71440
2.55585 14.04427 9.34866 1.48694 2.30855 6.84185 16.46209 17.96926 15.41013 11.33337 14.39169 14.29446 11.16956 11.55519 10.01110
5.54701 19.57989 2.92363 3.23578 7.12997 4.99867 18.98447 14.77446 14.09585 12.17713 11.78096 14.52267 12.09438 14.55304 13.17855
1.39399 4.01528 17.30682 8.50264 6.11959 11.17311 4.30228 15.54421 14.56722 12.01560 12.35247 18.59495 12.06870 11.21432 18.69330
15.06235 5.72669 8.82604 7.10954 10.95372 11.31922 3.53992 15.09882 13.93512 18.83323 18.04517 12.86105 11.44419 11.13120 8.61847
3.97807 2.97308 11.76301 8.48195 2.29401 7.17314 17.66750 13.64461 16.71801 11.47549 15.00123 13.44297 12.20959 16.21974 7.73732
5.79996 11.53899 4.35183 17.05759 3.50312 13.42948 0.58707 13.64967 16.01902 12.84918 12.27187 14.72585 13.17263 11.87336 11.83622
13.76419 3.56156 17.48388 14.59996 3.53735 2.12698 7.97893 14.55538 13.37011 11.49281 14.25123 17.72771 11.81741 18.69784 7.25472
7.78338 11.05992 7.02897 1.58295 16.21321 11.18469 4.32172 13.90118 14.28306 17.46530 13.34150 13.69350 12.25151 11.79017 19.78997
2.28511 8.97588 2.44850 6.95700 19.02527 1.37058 12.82046 17.54155 15.01659 11.29331 13.30939 13.75575 15.94435 10.80094 9.06270
19.61049 18.90597 3.23312 9.94659 0.86588 8.13772 10.28655 16.89519 14.03495 19.32909 12.37137 11.61325 13.72012 12.10996 8.74280
13.31222 15.74759 4.76971 9.33522 2.27483 17.92915 2.78898 15.62435 12.86234 12.54764 12.32543 16.26133 17.26050 11.07758 8.77681
14.23337 6.73917 8.33217 1.71345 11.74871 15.84353 9.36054 13.56362 15.07612 11.00366 16.76813 13.34011 12.91016 15.41540 8.32660
12.71140 4.72426 4.19808 5.27100 16.73866 12.31498 9.09730 13.55386 14.45404 15.35340 14.03441 13.41315 17.57671 12.48953 7.29058
4.23310 4.07891 7.64559 6.26508 2.53452 11.33043 13.37757 16.57261 14.59383 13.28687 15.84025 15.25660 13.20988 10.85399 6.71767
19.74677 3.44868 3.84431 9.09892 17.67498 5.45386 17.27478 16.06826 12.82173 12.64772 12.29555 12.88602 12.53447 18.41406 10.81252
16.67558 4.71228 15.42232 7.75210 2.12649 9.61883 9.87195 13.19171 13.98058 15.04440 13.43902 16.90203 13.12334 12.49950 8.50861
7.11116 3.04749 11.70057 17.76987 2.31651 7.28643 6.91371 13.87690 13.19865 17.56973 12.54922 13.95548 13.25870 11.33374 10.74977
18.79293 19.65899 4.29804 2.04722 11.35139 4.98190 5.36715 15.18970 13.48579 13.33141 12.61737 19.41736 12.66543 14.69010 6.95769
12.49322 3.89697 7.57404 8.97284 12.45786 14.81441 4.27746 14.14336 15.12868 11.06404 19.46483 13.48981 11.49608 11.45782 11.58237
5.23692 9.97159 0.90679 17.61033 2.18192 6.62223 13.24216 14.25208 15.08078 11.24485 18.41693 12.71895 16.79133 11.25193 8.10050
1.78277 4.28322 12.75615 8.03137 7.28220 1.77556 17.79089 14.70082 15.02560 11.61995 12.12275 18.54994 12.31844 11.60682 12.55531
3.28722 3.87534 12.01374 17.08418 7.54163 6.46708 4.25168 13.71476 18.28983 13.54246 13.45956 12.00834 11.77319 11.91006 10.91627
17.16321 6.77638 12.39754 1.32841 5.72672 15.33917 9.59657 13.51751 14.95333 11.25244 18.66355 13.02728 16.11464 11.79514 8.32545
5.46123 9.00323 13.07992 0.77272 5.28199 14.93790 4.51156 14.11464 13.96480 16.49094 13.21800 14.28779 11.39355 15.41387 7.51722
19.20985 3.99354 9.22291 12.15380 15.94001 5.96460 4.35820 15.86141 17.86814 10.72817 13.69717 13.18818 12.33065 16.12572 8.11784
0.71275 4.40019 18.03310 6.21882 7.17919 13.26869 4.42361 13.85253 13.22330 13.08256 15.72590 12.06381 16.44099 12.09262 9.14815
3.74538 8.51756 4.11400 0.86560 11.47644 6.52853 14.13207 15.55073 15.65859 11.14169 18.60031 15.07038 12.62780 12.48221 6.68344
13.46938 8.14981 19.82538 4.54863 14.07840 6.42301 1.27881 17.00173 14.60883 11.98873 12.30371 13.21230 18.45264 10.39306 9.68409
17.60887 5.54068 12.11001 18.25678 1.61972 6.89810 7.20840 14.92665 13.68394 12.07355 19.76918 13.03748 17.82481 12.37167 6.54434
17.26734 14.79154 1.60620 16.26096 7.69985 6.22094 4.23742 15.23708 17.78962 14.40161 11.83406 12.22894 12.14488 12.29232 9.61948
16.60013 15.19405 0.68912 9.35273 2.89858 15.22425 5.41576 15.78884 13.63008 11.43710 13.21621 19.94082 11.95378 15.24546 8.45505
10.48720 10.01634 1.93096 7.39385 11.24009 17.61629 4.22539 13.92452 13.98859 11.49340 13.76047 16.92606 12.55690 12.40204 14.28969
14.06997 15.39196 16.75020 3.29307 4.70324 6.89548 3.43829 14.25258 13.86369 11.08715 14.57782 19.98525 12.08589 14.98061 7.40280
14.50023 12.01377 3.96811 13.13360 17.62485 3.59622 1.94842 13.52540 13.56579 15.56763 12.54718 13.84907 13.31772 12.38519 10.80012
1.81003 15.44263 4.21395 17.03226 7.08015 0.13183 4.93992 13.76730 14.79736 16.75994 12.92500 14.23237 11.90212 14.90078 7.50228
0.98718 3.22633 4.62654 8.51128 2.94095 18.10122 18.02256 14.53915 13.28786 11.88644 13.94838 12.72561 12.55725 17.80634 16.06081
1.54536 10.35941 15.03618 4.29726 4.63322 13.01225 0.88840 13.38312 16.23144 14.90054 14.88028 12.21768 13.03632 11.56509 9.13535
13.39878 9.67141 1.28407 16.81605 3.04104 13.62070 5.22600 14.18188 19.57328 11.77743 12.98424 12.61320 13.28854 15.51139 7.66902
14.71663 5.06924 11.60753 9.81048 5.79068 16.31256 4.04330 13.56791 14.85694 13.23572 12.13744 15.65059 12.12476 12.32781 16.33099
11.69383 1.41496 15.35677 9.09632 12.98106 5.48997 4.27611 13.10700 15.76962 13.15337 15.38750 15.16935 13.84007 11.83942 7.34661
1.21336 6.24179 16.29501 2.85784 7.20710 5.50304 16.15549 13.02323 14.80763 15.60967 13.90399 13.39565 14.35150 12.42617 9.25430
15.55174 5.00425 10.90009 10.16799 13.58751 1.64587 6.39509 18.28739 15.07883 15.02112 12.89731 11.66926 13.65153 11.00022 7.56545
11.85451 13.14381 9.22111 4.13191 8.46153 17.15606 1.14795 15.73016 15.52232 14.16946 12.32073 12.22969 18.00625 10.92441 8.74139
7.97113 1.89399 7.30978 14.12589 5.62522 1.84668 15.58574 14.27874 17.49313 12.23781 17.28873 13.24666 13.00281 10.46862 8.78491
17.24330 4.16003 16.58108 5.61858 2.54273 6.91245 13.25418 16.45686 13.88635 16.41695 12.80257 11.55351 12.46866 12.05418 10.50651
12.89398 9.05866 18.46727 4.36887 16.41648 6.45624 1.06915 14.57163 13.16529 11.33173 13.82345 13.46157 18.97471 17.47909 8.09837
0.16987 17.45488 3.89234 0.61439 5.82831 9.46054 9.78928 16.90106 14.67218 15.64018 15.17419 11.81260 12.62961 10.85942 8.66703
9.96755 15.39168 2.51690 7.08597 5.35141 17.87763 3.80392 15.36926 13.53701 11.95252 17.15512 12.68055 13.11010 10.69183 18.87687
6.24230 7.48806 15.57994 1.80479 15.07618 2.52576 9.15817 15.24139 16.51605 10.46185 14.47943 13.66389 13.07275 10.91457 19.29145
5.85540 6.85257 9.43448 18.23010 4.18775 9.37577 2.23390 14.42873 13.29107 18.57629 12.39155 13.61188 11.66425 12.08960 19.08834
11.66901 14.86879 3.79814 9.06839 15.72001 6.88230 1.62421 14.97661 14.71445 11.03873 14.78965 15.69796 11.92672 10.75128 16.06306
19.92265 6.43536 2.94116 17.43264 17.46727 2.27663 9.15826 13.47893 13.76912 12.07390 14.29954 13.25963 19.61137 11.40082 11.92851
9.10835 6.39531 12.82721 2.67574 6.21436 11.37767 8.36220 14.42090 14.56375 16.23778 16.12598 14.30707 12.13096 10.64652 8.59879
12.53292 3.99565 5.14883 17.65026 8.98658 2.07316 10.51380 13.46822 14.66267 16.28707 14.00745 13.44803 11.47302 11.63617 15.39566
13.07378 14.45315 7.87914 14.02166 0.95210 1.08711 9.88053 17.49966 13.97045 14.46087 12.51142 15.42657 11.36336 11.16615 8.66350
1.03642 7.25022 2.11392 10.44565 8.99121 18.63573 4.94173 14.03189 18.03446 11.82224 13.72657 12.17187 11.56269 12.54085 16.79789
11.65873 14.86549 18.55128 1.74744 5.49851 7.10067 4.28476 18.59854 14.02412 12.75699 13.11214 11.91322 13.00315 11.61963 19.89806
2.26609 4.54006 11.58900 15.92753 6.28279 7.24481 4.27149 15.26636 14.68387 10.67087 15.94581 16.42356 12.60841 13.28320 6.79473
15.75682 6.79251 0.22190 10.22889 10.42468 8.95139 8.37699 14.47151 15.89760 19.45206 14.91251 13.81500 11.34083 12.67454 7.04895
18.32008 0.84641 16.94766 6.00872 2.39063 8.47086 10.44262 14.92199 16.50577 11.51317 15.19609 13.49221 16.87541 11.16234 6.79086
10.71182 5.65315 13.39621 8.83798 1.59263 15.12133 6.82204 13.59290 18.40432 12.18800 14.19803 13.54410 15.08433 12.69547 7.15762
12.71676 6.63280 6.68791 8.28869 11.78617 14.48764 2.50521 15.15555 12.48221 13.25965 14.16667 17.22606 12.69681 14.39535 7.60453
10.24609 12.17338 5.48035 3.68451 1.03876 13.85940 12.33613 16.67183 19.72203 11.50920 12.29483 13.73840 12.60687 10.44801 9.87798
17.74347 6.96916 16.42719 2.65237 7.12035 13.51121 5.12719 14.07625 18.91269 12.42751 11.95736 13.39090 18.89860 12.27716 7.49216
0.38779 3.42666 4.11657 11.22459 11.81507 7.66274 5.76034 14.42699 14.89563 17.29982 14.27114 15.81758 11.30000 12.40793 7.51039
7.53770 7.97790 15.24953 1.85382 2.72218 5.19476 14.01672 13.88882 14.62880 12.70996 15.75804 17.65201 12.48606 11.90980 9.13853
9.57373 15.95169 8.01099 3.69814 16.46000 0.32548 7.97681 15.09989 14.22023 11.50369 13.07537 17.58978 13.05183 11.06555 14.08374
4.11825 8.53140 16.20292 15.83378 1.72432 4.53402 3.17291 16.25806 14.43167 11.33721 13.40909 16.35125 16.82525 11.09785 6.67068
4.58603 19.77752 8.16837 4.07074 8.38088 8.43580 2.17242 14.28948 19.73230 11.97320 14.22153 13.34863 11.66195 11.18329 17.11819
13.43798 4.40027 4.73638 14.80584 7.15283 16.91544 4.88469 13.74333 13.10537 12.27410 17.53768 12.95447 18.99785 12.00688 8.57377
8.84592 16.49712 12.88571 7.07414 0.70732 1.67582 5.64545 15.55856 13.45206 13.09791 17.65651 16.01860 11.42679 11.57147 8.63552
2.90009 12.44955 11.48807 17.54441 4.10706 1.87871 0.86720 13.90812 13.44768 11.33206 14.44421 17.54142 11.44641 13.75584 9.31788
6.29542 3.62925 4.71735 4.87866 15.70466 5.11899 14.68040 16.28665 13.43877 12.64763 16.17641 11.75880 12.39387 17.01851 7.47816
2.03425 4.76588 6.69503 10.09321 9.29764 1.63408 15.48266 13.64536 15.99441 14.85224 12.96131 15.36054 11.85378 12.92144 7.63593
2.39507 2.48969 9.74463 0.54781 16.74006 7.88922 10.23394 16.65796 13.87417 13.77705 12.30587 14.12216 11.68168 12.37990 13.20321
2.53326 5.48398 12.94191 8.83365 1.88969 3.50018 14.80709 13.94859 14.45133 18.23807 14.93329 15.05529 11.21481 11.69055 8.77850
10.78021 8.80324 12.59751 0.69968 11.83730 4.98927 4.52299 15.66757 15.29905 14.43282 19.84078 12.51782 12.21970 12.51849 7.46453
3.80120 7.42677 12.52284 2.47832 15.10006 2.28733 7.28479 16.39278 13.34675 15.41423 14.03947 12.50196 15.53340 10.66792 7.21822
13.35911 8.60050 4.10561 7.37722 11.18794 19.87528 1.48364 14.20871 14.82706 12.34806 15.09376 14.61049 11.01141 17.82647 8.86509
10.40092 3.96567 8.84481 7.59549 14.60340 10.34544 4.39799 15.71892 13.34023 17.23535 14.75601 12.36379 12.22365 14.11415 7.68320
1.94874 3.60040 3.81492 7.90475 15.54684 5.47824 13.75125 14.73591 13.75046 14.11311 15.56143 12.93296 11.48692 10.92114 17.22426
