14.74396 2.01987 3.77087 8.10649 8.19838 8.94493 14.21150 17.99699 13.14660 11.48328 14.34243 17.91530 11.76488 12.31676 8.31454
14.14106 6.72120 1.49142 9.61760 6.52461 19.43431 17.69549 13.72619 15.06140 10.20733 12.89911 11.49768 12.92811 14.97582 17.16567
6.82471 4.55517 9.61671 4.26344 4.30693 15.56507 11.48987 15.21479 14.40889 12.40118 19.50688 13.34970 19.36538 10.99262 7.94616
11.02969 12.53461 8.01889 2.90526 1.59382 17.19843 11.68508 14.94227 13.93209 11.36290 17.63752 12.31709 10.84345 12.55287 19.47493
7.74654 4.66389 7.89673 4.07741 7.95785 18.46088 11.74284 19.22533 14.08957 11.00179 12.84575 12.92104 15.10486 10.85839 9.31187
9.90737 7.01995 1.06117 6.05122 11.56124 19.09086 7.78200 15.99875 15.19285 13.18514 14.38694 14.13366 10.59674 12.53233 16.81472
0.97089 3.44587 4.44996 5.06721 8.01059 16.27486 11.56141 14.32678 13.52243 12.81827 13.06761 17.07930 12.88001 11.55830 14.71867
9.25920 1.65812 7.68745 4.30705 4.48993 9.37096 17.94352 14.51751 13.19181 12.06685 17.92576 13.98924 11.60415 11.39061 17.83029
0.05619 7.89757 0.79473 4.77980 5.16038 18.10201 11.68204 15.99816 15.19225 13.18455 14.38635 14.13306 13.19662 4.86296 14.00308
14.49810 12.74099 3.86013 1.44943 4.74111 11.87777 11.47091 15.00916 17.91171 12.73849 18.15352 12.13533 11.42427 12.60293 7.39909
16.13301 12.50950 0.91438 8.81466 2.25734 9.26497 19.09559 14.57478 13.26448 19.17124 12.25804 12.16570 12.08194 12.38834 16.70246
3.01953 7.26639 0.17696 5.31189 8.00218 16.79321 11.70278 14.36949 13.52512 16.03959 12.74652 13.71560 16.51729 12.61354 7.78133
3.54039 12.75837 -0.07712 4.29529 4.37634 8.95346 19.55253 15.16517 14.07360 11.56980 17.87042 12.20771 11.90881 13.19357 10.50969
11.39743 10.89022 0.75720 4.14476 7.97630 16.19825 11.82684 13.97134 13.13548 16.94801 12.37564 13.56839 12.80659 16.80795 7.93065
15.02699 11.04537 3.76382 0.92522 7.94012 9.27332 19.29685 13.73705 13.63025 11.79560 12.23766 18.83847 18.42970 12.19688 8.25280
11.09097 8.37593 4.06545 1.50206 8.16244 8.76428 17.94029 15.69957 17.33026 11.96874 13.64786 13.94274 11.32560 10.63003 18.63693
10.38545 11.00473 9.54376 1.31858 2.15737 16.49445 11.84875 14.44267 12.86976 19.61727 13.02100 12.11352 12.48125 12.22917 17.27444
11.36293 6.42488 9.60345 8.29152 0.62276 9.12029 13.88935 14.24093 13.89395 17.47203 12.90500 18.95403 13.06700 10.75637 6.64458
8.52080 10.86905 3.46641 9.92102 0.58080 9.54826 13.77862 13.36935 13.24241 17.09210 18.22681 12.42795 12.30749 11.56000 8.67331
16.54817 10.42487 3.73579 9.95271 -0.01778 9.22465 13.22993 14.97010 19.85512 17.51159 12.70104 12.85626 13.02554 10.71840 7.22306
11.15729 12.51345 5.11864 2.93823 1.87751 9.50376 18.50259 15.88380 12.59794 15.64872 13.43923 11.48477 13.14849 13.56437 9.33700
5.27144 6.18147 4.36705 9.80675 1.56998 10.17270 11.89215 19.13652 14.11895 17.84614 13.13778 13.23986 11.43163 10.92184 8.73042
17.60149 6.75402 1.19545 8.11161 8.00017 18.86115 11.50713 14.64352 15.18044 12.54957 12.94605 15.77944 13.05611 17.50548 6.80887
19.97157 2.81199 3.90229 6.45480 8.09110 10.60441 11.65706 17.62314 19.26951 12.07765 12.80514 14.28905 11.33191 10.99902 8.73401
16.77013 1.07170 5.85211 4.32292 7.99996 8.78077 16.87072 16.23885 15.43295 13.42590 14.62704 14.37376 13.67669 4.57259 9.42415
0.10712 3.93631 8.02185 9.97859 2.33499 16.73303 11.44451 15.14366 15.68261 12.37197 13.55691 15.20646 15.72984 10.08761 8.98794
1.27200 2.82718 6.84349 4.19174 8.07876 8.86816 14.36947 19.80866 17.98233 11.64113 13.87188 12.92111 13.13363 10.99877 6.81560
15.68402 0.69196 3.81637 10.16285 5.21486 9.00504 13.58604 19.24800 14.61492 11.00139 17.32337 13.43050 11.76912 12.55436 7.73246
4.78995 1.72446 5.24287 4.59146 5.24105 19.39207 12.01458 14.56167 13.69305 11.58458 12.95015 17.40282 11.66466 12.55559 18.11406
12.26024 10.61966 3.78059 12.82270 -0.13710 5.40939 17.88903 16.10086 15.29496 13.28745 14.48905 14.23577 11.06108 10.76118 18.37701
6.53838 9.57355 3.82431 1.70927 8.00000 13.16871 11.38793 15.99689 15.19099 17.86814 14.38509 14.13180 13.22005 4.79820 8.79909
2.33875 6.77748 9.60537 1.44379 5.68090 15.12168 11.74351 13.74882 15.07333 11.69598 19.21580 12.25478 11.48820 18.08249 7.36451
17.85897 12.62558 1.82104 4.02574 6.57045 10.38573 11.84206 14.16576 14.71246 18.90455 12.94327 16.66681 13.15061 10.34534 6.49871
1.82250 1.07600 8.47298 9.94143 2.27510 16.54358 11.65886 13.96257 13.30088 15.80350 13.51063 13.71502 13.38043 15.06005 7.35766
3.64810 12.54995 0.31711 4.70743 3.24858 16.03720 11.96952 13.72757 12.93748 11.11961 18.13887 13.59356 12.54445 12.12959 13.22882
19.96863 2.73182 7.93741 10.09586 2.15934 9.03995 18.18320 14.45653 13.10141 13.16747 16.95465 12.19233 12.40453 17.49453 7.99929
5.65716 1.56073 4.05319 7.86350 3.96653 13.10012 19.71933 17.05647 13.78335 13.31264 12.54516 10.65865 12.85386 15.26752 9.22379
13.31056 1.49294 3.78115 10.06413 5.92487 13.28282 11.83953 14.40799 15.49667 13.81811 11.32634 19.51062 12.59580 13.03151 8.07580
11.71390 3.30026 3.76707 10.02526 6.28746 8.98217 17.90376 14.43733 13.68133 11.44041 14.85424 15.90804 11.56887 18.84285 6.93630
10.22354 12.55204 1.52180 7.90928 2.13937 19.78550 11.80916 14.36431 13.66077 19.65520 12.38272 12.18098 18.33313 12.27374 8.04636
7.74677 10.88792 3.08758 13.16548 1.08469 15.29413 7.81396 16.10124 15.29533 13.28763 14.48957 14.23614 11.03169 10.82995 16.85901
9.99226 7.02244 5.40459 9.62412 -0.13310 18.93025 18.19849 14.19524 14.55309 11.13030 13.66017 10.66668 17.25919 17.61892 8.36909
18.81771 6.75482 7.65753 9.91781 -0.36693 9.37482 18.36696 14.52757 12.27961 11.76181 14.57828 16.14033 12.64573 11.61317 18.43337
8.77370 1.77968 4.44203 6.22695 3.52824 14.24896 11.66476 16.24352 15.43761 13.43254 14.63169 14.37845 5.10611 13.08741 9.40488
5.29009 12.53885 7.66575 4.14903 -0.56890 9.00632 19.44623 15.55409 17.96422 11.60228 12.52934 12.93429 17.82114 12.48643 7.23432
10.73049 3.13337 9.60637 7.91343 2.17269 16.87857 11.38693 16.01443 15.20852 13.20082 14.40262 14.14933 13.09263 4.61759 16.82729
12.85020 3.97371 3.92590 7.60249 7.99770 8.98159 17.81761 15.61980 14.83348 15.70088 14.01920 11.85359 17.04677 11.69337 7.14499
19.69118 2.87464 9.60466 7.18165 2.38942 16.59923 11.57167 15.15075 14.43242 14.20143 12.19999 14.72381 13.52354 11.06141 10.95912
11.26178 6.63445 1.86388 8.05501 7.64451 15.73243 18.14304 13.04758 15.20717 11.21951 11.50047 12.78104 15.23894 12.36454 17.07312
13.22256 3.10023 3.78490 7.76880 7.94541 9.21144 19.42168 14.55834 13.31513 17.54303 12.67117 12.46275 18.73614 11.69174 8.56802
