1.76555 6.89266 1.72296 6.18413 10.89232 5.34386 15.09705 16.13238 15.33791 15.94145 14.99998 13.97184 13.08550 10.58784 8.06068 0.00953
17.64377 4.04390 4.01044 6.76813 4.56700 9.60348 14.44994 13.98752 16.00002 14.50874 15.80623 13.99586 11.37342 12.53466 7.81306 0.00061
6.18469 6.75495 8.04787 9.42079 10.12210 12.50323 0.75310 16.13748 15.33355 13.80372 17.12203 13.97159 11.83703 10.85467 8.76483 0.04056
9.58550 3.93846 8.23531 12.84341 3.01450 12.50422 7.81983 16.13477 15.33390 16.87546 14.84111 13.97075 11.49131 11.18542 8.76618 0.01002
16.45732 8.92184 1.27262 5.08656 10.89061 5.41071 15.09757 16.12918 15.34104 15.64400 15.08674 13.96967 11.61621 11.03446 8.76842 0.00988
2.49156 3.86198 3.75679 8.79601 7.96883 10.46024 11.82259 16.80456 13.03614 15.99973 15.00021 14.00175 13.14241 11.01872 7.53772 0.00006
19.73256 6.83494 1.24593 12.83271 6.54205 12.50394 7.06310 16.13929 15.33422 14.71601 15.58850 13.97293 11.35938 11.37288 8.76003 0.00955
19.27067 4.70638 3.68197 9.97066 6.64014 9.26539 12.82894 16.36253 15.41577 13.63137 19.82328 12.23399 13.08193 11.41510 8.63641 0.00031
13.67911 8.54069 1.16138 9.98369 3.10051 11.08247 11.63768 14.00996 16.00039 17.54763 14.80022 13.99750 11.93249 10.95328 8.72728 0.00029
14.67859 6.80236 1.70556 7.17726 10.90664 12.50372 7.29370 16.13506 15.33158 13.54980 19.82852 13.97018 12.94141 12.15985 6.71621 0.00956
17.61203 12.29917 1.16620 5.53402 3.81478 11.90521 11.84081 15.83900 15.60674 13.57782 19.22358 13.99203 11.29729 11.52902 8.71832 0.00100
12.56996 3.88222 6.83100 12.88117 4.97152 12.50400 5.96699 16.13492 15.33133 18.53630 14.75278 13.96943 11.13988 12.12406 8.54666 0.01025
9.96260 3.02544 0.37284 9.51878 7.67126 11.83681 11.54420 14.00817 16.00000 17.83854 14.78511 13.99628 11.68026 11.17056 8.73294 0.00316
6.97980 3.93701 8.03559 4.92955 7.99859 9.67250 12.25602 13.99567 15.99958 13.76549 17.34382 14.00003 11.38440 12.53252 7.80094 0.00048
0.94187 6.99296 0.20380 12.88294 4.13353 5.50319 15.09707 16.13054 15.33612 19.86912 14.73771 13.96997 11.48237 11.20198 8.76548 0.00954
19.50197 3.84970 7.84316 12.98302 12.30467 4.29256 6.22102 16.13916 15.33500 15.85267 15.00436 14.07624 11.41801 12.50722 7.44534 0.05787
14.65384 10.13075 1.16474 9.98369 2.96462 11.86485 11.54748 14.01202 16.00022 18.01532 14.77811 13.99487 12.45475 10.72277 8.64145 0.00045
17.86232 11.17631 3.76174 11.44452 7.88179 12.50365 0.09106 16.13561 15.33098 18.69167 14.74999 13.96994 11.56251 12.60324 7.26576 0.04056
15.24437 3.89132 7.71696 4.93554 8.00094 11.87355 11.52456 14.16802 16.00025 19.46556 14.75038 13.99415 12.41188 10.69865 8.65663 0.00047
16.47771 3.88844 6.71486 6.69789 10.89467 3.42450 15.09779 16.12755 15.34182 13.69966 17.62449 13.96965 11.46865 11.21353 8.76659 0.01020
7.79061 1.11667 4.18039 9.98527 3.71898 12.01860 11.47815 14.49155 15.99875 13.82628 17.09484 13.98731 11.77146 12.57811 7.15471 0.00002
3.02929 7.02367 1.32151 5.86755 8.00015 8.83416 14.49740 16.31837 15.14993 19.01498 14.75672 13.99255 13.03748 11.93651 6.75008 0.00005
17.99989 12.29915 1.05079 5.27666 4.26606 9.41141 14.44339 16.80595 13.20620 18.26396 14.77030 13.99572 11.96091 10.93637 8.72732 0.00096
15.07300 12.29914 1.22441 5.69813 3.63352 11.87856 12.00172 16.80547 13.20198 13.63809 18.20778 13.99555 13.14973 11.35367 7.11358 0.00096
19.25913 8.10629 1.06169 11.21105 8.05374 12.50428 5.97914 16.12205 15.33511 18.85829 14.74315 13.96810 13.18396 10.94217 7.30903 0.00998
16.63868 7.18927 1.09615 5.63458 8.00165 10.14387 11.88896 14.17683 16.00224 18.73408 14.76032 13.99624 11.65211 11.13964 8.73339 0.00002
7.04261 9.83646 1.13157 9.98368 2.97754 11.85706 11.54812 14.01095 16.00007 17.77019 14.78844 13.99571 12.75726 10.67268 8.47009 0.00044
14.71191 6.98304 1.40987 6.15582 10.88689 12.50385 7.67284 16.13581 15.33768 14.43556 15.86047 13.97308 12.09620 10.70642 8.74960 0.00952
6.93722 6.74682 8.30919 0.82931 8.00413 11.86223 11.54185 16.80590 13.20523 19.83196 14.74802 13.99554 11.63564 11.22173 8.73289 0.01062
11.03609 3.63726 3.87250 9.98253 4.67321 10.66913 11.75879 16.80244 13.01551 14.88171 15.48423 14.00321 11.88398 11.48155 8.70730 0.00003
7.13297 9.96379 1.24832 4.95209 8.00000 10.53304 11.76626 14.00670 16.00036 17.62330 14.79575 13.99952 11.50609 11.40021 8.72271 0.00045
12.71200 6.16067 2.75326 6.28482 5.38195 9.59783 14.49343 14.00235 16.00004 13.79255 17.22518 13.99452 13.05631 10.71590 8.05032 0.00061
11.71696 4.51289 4.02361 9.98529 3.87499 11.93015 11.47433 16.75715 13.77224 14.17263 16.27116 14.03849 11.96456 10.99924 8.68530 0.00002
0.63845 7.17573 1.17927 5.64777 8.00158 11.31688 11.56265 14.29905 15.99845 13.56280 19.74401 13.99903 11.46627 12.56149 7.51892 0.00002
14.43097 6.97724 1.27539 9.98404 4.01454 12.14762 11.41222 15.83381 15.61509 15.66422 15.09897 13.96902 11.62149 11.08182 8.75788 0.00005
15.52586 3.47922 3.98435 6.24945 10.88723 5.26033 15.09699 16.12666 15.34638 14.62035 15.67175 13.97318 12.51189 12.48931 6.73949 0.00952
10.57577 6.74741 8.27545 0.17803 8.00513 12.45465 11.53592 14.74747 16.26111 14.47802 15.92908 12.25030 13.03450 11.72171 8.65039 0.01084
19.46500 7.18378 1.31333 5.62750 8.00123 11.75030 11.53618 14.14726 16.00103 17.58049 14.79735 13.99460 11.95349 10.93930 8.72763 0.00002
19.96410 4.02115 12.82222 6.26323 3.39861 5.16590 15.18589 16.13600 15.33215 14.58876 15.68039 13.98712 13.18388 11.12846 7.10214 0.02057
7.83136 3.90973 7.68312 9.09848 10.49952 3.21012 15.09770 16.13796 15.32918 13.54949 19.86502 13.96927 12.25334 10.65654 8.72791 0.01040
6.48688 7.05605 1.53807 9.98565 3.77175 11.17296 11.60069 16.76242 13.30810 14.73139 15.60812 14.04374 11.83219 11.35105 8.67734 0.00001
0.57306 3.90556 8.17402 5.09974 10.87394 12.50451 7.11061 16.13317 15.33345 13.55079 19.77285 13.96883 11.85239 10.85119 8.76451 0.01004
3.36571 3.98889 4.01260 5.96351 8.00010 12.45590 11.49815 16.38986 15.35082 13.78045 17.59114 12.24282 13.42203 11.56780 8.06649 0.00023
6.24525 3.41321 4.11140 9.98309 4.18697 8.97560 14.21164 14.01174 15.99785 13.56140 19.84196 14.00126 11.58603 12.56321 7.45045 0.00001
4.50729 6.78841 1.54334 9.17520 10.41734 4.51658 15.09722 16.13713 15.33420 15.69364 15.07111 13.97182 11.41919 11.28080 8.76388 0.00957
1.44513 6.84366 0.67991 8.15019 10.90204 12.50372 7.15615 16.11851 15.34775 13.54985 19.82163 13.97027 11.38636 12.59713 7.51139 0.00957
18.27633 1.35402 4.26303 5.61137 8.00014 8.98702 14.09613 16.80697 13.20578 18.65867 14.76186 13.99829 11.67690 11.17345 8.73141 0.00002
19.01682 4.10237 3.76927 9.98370 6.10654 10.99612 11.63218 14.14522 16.00004 18.21218 14.77154 13.99917 13.14306 10.88579 7.56809 0.00005
15.42054 4.51729 3.75991 9.98301 5.53426 8.83737 14.45262 16.29647 15.17679 18.73707 14.76151 13.99372 11.67496 11.04151 8.73711 0.00008
16.43307 3.87845 4.25394 5.61896 8.00016 11.67494 11.56313 16.80575 13.20585 18.26256 14.77034 13.99808 12.25853 10.78531 8.69249 0.00002
19.09158 12.29908 1.13722 6.71425 3.14447 10.16289 12.56192 16.80576 13.18333 14.28678 16.07688 14.00010 13.13986 10.88757 7.60729 0.00096
19.97621 3.88876 4.26135 5.61212 8.00019 11.84776 11.54867 14.01167 15.99776 13.58044 19.13242 13.99647 11.62699 12.56814 7.39476 0.00002
2.61945 4.68034 3.74219 9.98429 5.24703 9.37126 12.58530 14.19608 16.01583 14.98845 15.41286 13.97578 11.67172 11.13261 8.75014 0.00003
11.44000 7.03454 0.56159 5.87755 8.00001 12.28133 11.53079 13.96636 16.05561 13.67636 17.91307 13.87168 11.72546 11.33233 8.82479 0.00002
13.69975 3.98538 4.56563 5.55512 10.89817 12.50571 7.42357 16.12660 15.34251 16.79338 14.85039 13.96911 11.14604 12.04827 8.59690 0.00962
16.61135 3.94462 7.22300 5.00920 10.89031 12.50385 7.95008 16.13096 15.34082 15.40054 15.17940 13.97300 13.18816 11.00004 7.22921 0.00998
3.27260 3.87317 4.26306 5.61052 8.00016 8.96703 14.30067 16.80314 13.20338 17.63722 14.79426 13.99946 13.14683 10.98998 7.46310 0.00002
7.49245 7.19726 1.20851 5.62056 8.00025 8.95574 14.43589 14.00801 15.99889 16.96517 14.84287 13.99585 12.81480 10.66975 8.41872 0.00002
9.18763 3.78961 7.69136 4.93636 7.99994 11.83919 11.54970 16.80593 13.20383 17.84474 14.78532 13.99634 11.30926 11.86557 8.64192 0.00047
3.66876 6.89380 1.13013 8.00345 10.88431 12.50389 6.79075 16.12698 15.34622 14.78924 15.53055 13.97366 13.18812 11.03872 7.18566 0.00956
18.26265 6.86673 1.20494 7.69886 10.89399 12.50386 7.04458 16.12731 15.34265 16.17134 14.94711 13.97165 11.74236 10.92531 8.76638 0.00956
11.58114 7.20396 1.02764 5.61963 8.00023 9.31429 12.76322 14.01173 16.00013 18.20600 14.77210 13.99792 11.77375 11.07730 8.73069 0.00002
15.62715 0.69985 3.79628 7.52584 7.99952 10.86368 11.56192 16.65264 14.62321 17.24577 14.82204 14.00103 11.56906 11.10692 8.72994 0.00008
3.03029 3.89268 9.31129 4.97736 5.87651 9.96289 12.76381 16.80587 13.20660 19.63403 14.74935 13.99999 11.91519 10.96747 8.72555 0.00095
11.95028 3.84981 9.31131 8.14737 2.97769 12.45549 11.87751 16.32748 15.41498 15.47334 15.23220 12.61986 11.92686 11.36457 9.09740 0.00119
14.47896 3.89595 9.31139 6.25596 3.29182 11.86702 12.00291 14.01309 16.00008 18.98904 14.75579 13.99528 11.73490 11.11468 8.73388 0.00095
5.29114 3.82519 9.31131 7.82319 2.99657 9.41918 14.38002 16.80588 13.20043 13.59668 18.76667 13.99720 11.90181 10.97694 8.72867 0.00095
11.55836 4.94612 3.98656 5.62677 8.00085 10.03287 11.96971 14.05778 16.00009 13.61031 18.54935 13.99541 11.32320 11.73880 8.67801 0.00001
13.16308 5.66638 3.26443 9.98559 3.92876 12.21648 11.50423 16.82895 13.33874 15.84021 15.04544 13.93503 12.26829 11.15417 8.74036 0.00002
14.95732 12.29909 1.13465 5.80445 3.54668 11.76727 12.01431 16.80593 13.19932 16.90533 14.84977 13.99736 12.30261 10.76956 8.68259 0.00096
7.25945 9.35971 1.10251 5.34017 10.89451 12.50477 6.72056 16.13068 15.33686 16.56121 14.88028 13.97254 13.17582 11.43641 6.91470 0.00997
7.47045 3.96774 4.26277 5.60984 8.00020 11.89620 11.54514 16.80486 13.20239 13.63642 18.23925 13.99374 11.73668 11.11042 8.73472 0.00002
17.20758 3.87525 4.26076 9.98384 3.63587 11.90168 11.54451 13.99759 16.00078 15.60606 15.11708 13.99350 11.69781 11.14314 8.73694 0.00002
16.66764 12.29958 1.19831 6.26950 3.28132 11.89814 11.86074 15.24712 15.91214 18.72773 14.76282 13.99610 11.52866 11.16611 8.73390 0.00099
5.51799 3.89799 7.81462 9.98342 2.94997 11.82695 11.55020 14.01484 16.00016 19.56172 14.74988 13.99602 11.67880 11.17196 8.73329 0.00047
8.74573 12.29902 1.09311 6.87322 3.11101 10.73413 12.26483 14.52551 16.30711 16.04099 15.06095 12.51912 12.17343 11.60841 9.05118 0.00120
1.41647 4.22431 3.77540 9.98259 5.81384 9.95086 12.04911 16.80389 13.12822 17.98169 14.77992 14.00239 12.91879 10.78379 8.28928 0.00005
2.54661 3.80951 3.77615 7.97837 8.00062 11.27759 11.59110 16.79559 13.30638 17.34196 14.81434 14.00956 11.63208 11.37613 8.71365 0.00005
18.58659 10.71563 3.77421 11.77975 7.65390 12.50360 0.51027 16.13699 15.33091 13.60580 18.45265 13.97022 11.85746 10.84620 8.76388 0.04056
19.32260 12.29915 1.23054 5.89321 3.47801 11.88682 12.00059 13.99355 16.00037 15.28438 15.24947 13.99452 11.45546 11.47565 8.72177 0.00096
5.48816 3.97362 7.50837 12.87050 3.02975 12.50392 7.79010 16.12900 15.34355 14.16394 16.23423 13.97324 13.18808 11.06660 7.16015 0.00999
1.75206 12.29909 1.18989 4.96732 5.97543 11.86654 12.00254 13.99141 15.99996 15.05187 15.37360 13.99568 12.02446 12.56014 7.05344 0.00096
15.98079 3.91790 8.18050 5.03929 10.86109 4.85584 15.09731 16.13090 15.34273 14.57975 15.71012 13.97316 11.60874 11.03577 8.76763 0.01001
15.16028 9.85746 1.21767 12.87831 3.04420 5.24668 15.09747 16.13175 15.33743 13.71175 17.55372 13.96996 11.60632 11.04915 8.76834 0.00998
5.06941 8.72632 1.06981 9.98372 3.07381 8.95597 14.43674 14.01158 15.99852 18.39528 14.76840 13.99944 13.15118 11.30970 7.14614 0.00032
18.27886 3.89401 7.52967 4.93975 8.00004 11.85493 11.54809 16.80592 13.20706 18.12531 14.77553 13.99739 13.07846 11.81972 6.90101 0.00047
6.85911 6.98624 1.36085 6.05956 10.88892 5.64683 15.09700 16.13681 15.33527 13.97987 16.59736 13.97278 11.43522 12.60110 7.41719 0.00952
19.59454 4.96926 3.66693 8.09683 10.89291 12.50379 7.17031 16.12914 15.34126 15.76848 15.04801 13.97190 13.18520 11.25318 7.01708 0.00956
19.18888 10.06893 1.12609 9.98368 2.96770 11.84233 11.54936 16.80522 13.20219 17.20621 14.82187 13.99532 11.59265 11.27237 8.73150 0.00045
14.69611 3.96026 8.04272 4.99210 10.88687 5.32853 15.09715 16.13526 15.33147 19.11332 14.74408 13.97023 11.18349 12.51052 8.03476 0.01002
10.94385 10.96120 1.21157 12.86885 3.01050 5.26647 15.09721 16.13818 15.32833 19.07231 14.74454 13.97026 11.37935 12.59661 7.52413 0.01003
19.76749 4.21277 3.99235 5.99841 8.00027 12.45610 11.46104 16.60086 15.10913 15.48224 15.22905 12.58917 11.94913 11.38782 9.09567 0.00023
8.75734 6.98625 1.04912 5.99695 8.00012 9.11864 13.22934 16.78189 14.91598 17.76013 14.86016 12.31787 13.35245 11.33887 8.26029 0.00026
9.94956 5.92662 2.99069 6.00042 8.00000 8.87616 15.87432 15.74489 18.77308 14.13722 14.08825 12.45754 11.53431 10.95004 15.90031 0.03660
1.39990 3.86735 9.31139 5.01021 5.48782 11.87453 12.00199 16.80592 13.20018 16.61755 14.88454 13.99529 11.55147 11.32680 8.73017 0.00095
17.72415 3.99262 9.31141 5.00414 5.54138 11.89902 11.84237 16.45506 14.97368 13.58299 19.08856 13.99344 13.11021 11.70275 6.81404 0.00100
3.76544 7.02605 1.28182 5.86915 8.00020 8.82749 14.58109 16.11550 15.36778 17.16538 14.82681 13.98858 12.88372 12.19105 6.71470 0.00005
0.01506 3.96335 5.10111 5.26957 11.02360 5.28568 15.89246 17.60995 15.65661 13.56971 14.73239 12.71299 11.50307 10.91880 19.55745 0.04669
4.61916 3.85353 7.94294 12.86658 3.53294 3.91178 15.09764 16.13116 15.33768 16.48063 14.89182 13.97052 11.60261 11.05350 8.76794 0.01008
19.88064 4.15109 4.01072 6.11163 10.88739 12.50393 7.94069 16.13371 15.33917 14.13186 16.28877 13.97276 12.73952 10.54412 8.52455 0.00952
