7.27757 3.98175 8.08801 4.99496 10.88074 12.50392 7.87007 16.13651 15.33154 16.89310 14.83912 13.97084 13.18785 11.04401 7.19289
4.74264 3.90721 8.20584 12.84067 3.15825 12.50436 7.02418 16.12720 15.34413 13.92845 16.72625 13.97186 11.70842 10.94907 8.76732
12.33021 3.50159 7.60502 4.98823 10.89241 12.50432 8.12242 16.13076 15.33903 16.12657 14.95655 13.97029 11.60982 11.04429 8.76788
10.52933 3.89852 7.79088 4.93396 7.99894 10.69782 11.75507 13.80121 15.99819 14.73765 15.59348 14.00198 11.85986 11.45514 8.71123
4.96696 7.02426 1.11337 12.86899 4.55962 4.29596 15.09690 16.12652 15.34590 14.53356 15.75497 13.97341 12.20312 12.57190 6.82687
17.87864 1.97189 3.75750 9.95552 6.80660 12.03670 11.51924 14.10561 16.00087 15.22373 15.27903 13.98652 11.65523 11.14439 8.74233
9.96544 9.77419 1.11276 10.09298 9.15324 12.50510 5.81791 16.13380 15.34035 14.72798 15.57874 13.97205 11.13790 12.05354 8.59315
13.63708 3.98232 9.31136 5.25148 4.33081 9.41222 14.43581 16.80572 13.20345 13.61148 18.53146 13.99627 11.80527 12.56899 7.21326
12.13467 10.20474 1.15393 4.94583 8.00001 11.57088 11.57311 16.80618 13.18662 15.32518 15.22988 13.99762 11.69027 11.15055 8.73122
16.62045 4.19591 3.98856 6.01899 8.00057 9.24057 12.75581 16.85814 13.73742 16.73147 14.87319 13.91432 11.55821 11.29625 8.79462
12.09848 7.43481 1.11179 10.42332 8.77071 12.50628 6.15551 16.11621 15.34694 16.25767 14.92781 13.97076 12.17834 12.57363 6.84376
18.14662 3.83947 9.31131 5.59949 3.74309 10.26555 12.48234 13.98793 16.00000 14.49267 15.82337 14.00004 13.13481 10.85547 7.66621
7.42631 6.94540 1.53143 7.95051 4.15817 11.86364 12.19606 16.80593 13.19732 13.71747 17.59381 13.99567 11.30248 11.88426 8.63530
6.89421 5.01852 3.54730 9.15439 7.88080 8.92830 14.59721 16.80658 13.32382 17.59446 14.79700 13.98913 12.03067 10.86024 8.72922
10.32598 3.94655 8.20529 5.01630 10.85806 12.50424 7.62568 16.13424 15.33957 14.64893 15.64622 13.97299 12.25598 10.64447 8.72738
19.51372 3.94363 7.29915 5.03069 10.89143 12.50393 7.67005 16.14131 15.33062 14.00450 16.54179 13.97301 13.18707 10.91193 7.33212
18.99792 9.84063 0.98069 9.98369 2.97922 8.95437 14.45644 14.00800 16.00103 16.99786 14.84149 13.99601 11.70181 11.14526 8.73555
11.79053 9.95111 1.19173 12.87086 3.04519 12.50407 7.78440 16.13353 15.33947 15.06973 15.34305 13.97238 11.39880 11.30723 8.76299
0.12431 6.88984 1.42943 6.75392 10.89076 12.50385 7.43029 16.14004 15.33170 15.59521 15.10409 13.97240 11.16159 12.48458 8.10264
9.38006 3.45227 6.67305 4.97359 8.00006 11.87963 11.54645 14.01175 15.99902 13.57186 19.37550 13.99578 11.47020 12.55818 7.62629
15.22868 4.10278 3.77123 9.98256 6.09823 11.84066 11.55876 13.93970 15.99936 13.88686 16.89207 13.99669 11.41865 11.82016 8.65607
3.42591 8.92782 1.18409 5.09558 10.89993 5.32402 15.09676 16.12932 15.33408 19.86297 14.73633 13.96929 11.35656 12.59340 7.56693
13.43148 7.18507 1.23049 5.63114 8.00015 9.91671 12.05569 16.80508 13.17400 15.04221 15.37788 13.99799 11.62173 11.23057 8.72922
1.58718 10.07015 1.10588 9.98369 2.96800 11.87542 11.54678 14.01004 15.99936 17.52282 14.79978 13.99412 12.40390 10.73659 8.65785
12.64291 9.10907 0.61079 9.98370 3.03094 11.86664 11.54742 14.01089 15.99930 17.81944 14.78660 13.99678 11.50147 12.56199 7.57222
1.74580 9.22967 3.87865 0.57284 8.01075 11.86455 11.54169 16.80593 13.20246 17.60919 14.79604 13.99549 11.67203 11.17869 8.73354
13.20730 3.97295 7.91971 12.86939 3.01838 12.50394 7.82419 16.13552 15.33411 13.76233 17.29409 13.97147 11.88493 12.59936 6.98807
7.43206 6.25703 2.75375 5.64595 8.00057 10.43047 11.80299 13.99001 15.99727 18.30506 14.76905 14.00262 13.13483 10.92783 7.63577
15.81666 6.76357 0.00494 7.99889 8.00016 11.67223 11.54552 16.81303 13.32740 17.71823 14.79073 13.98724 12.40497 10.77756 8.66379
8.62359 3.92528 7.89299 4.93205 7.99954 11.86084 11.54793 16.80530 13.19824 13.69730 17.72148 13.99615 13.14828 10.93707 7.53592
7.09222 3.90693 7.94074 12.76804 6.68051 12.50463 5.80844 16.12189 15.35118 14.31744 16.00560 13.97282 11.21627 11.71098 8.71919
15.75874 3.99610 6.81038 12.88229 3.05578 5.19904 15.09730 16.12795 15.34037 17.95937 14.77053 13.97095 11.38171 11.35469 8.76180
2.14180 1.01208 7.77179 9.98344 2.95117 9.60546 12.32564 13.99752 15.99998 13.78473 17.25779 13.99964 11.71582 11.12913 8.72985
18.24956 3.93697 6.53990 4.98096 8.00002 10.56028 11.75705 13.99170 16.00136 15.15870 15.31325 13.99826 11.68682 11.15285 8.73193
16.44786 3.95332 8.06041 4.92918 7.99836 9.05197 13.63493 14.00495 16.00020 13.63303 18.26305 13.99938 12.21276 10.80462 8.69818
1.54698 3.94491 8.20078 9.97980 2.94375 11.87965 11.54729 14.00296 16.00024 13.64065 18.18202 13.99453 11.70376 11.14518 8.73476
13.97362 4.03001 4.25397 5.61669 8.00070 8.93477 14.60387 14.07159 15.99992 13.60307 18.65682 13.98905 12.86015 10.65515 8.38050
5.21276 3.97471 8.04168 4.99784 10.88377 12.50394 7.84365 16.13454 15.33324 13.65227 17.95996 13.97069 12.28453 12.55739 6.80731
6.59355 3.41439 3.77059 9.98363 6.18175 9.54182 12.36154 14.14609 16.00053 13.59163 18.86649 13.99883 12.06268 10.83748 8.71724
19.10470 12.29918 1.14585 6.32137 3.26261 12.45476 11.96842 17.07215 13.79269 13.76565 17.67896 12.53745 11.75387 12.36594 8.77469
17.93575 3.91049 7.07861 12.87804 5.27035 12.50420 5.91583 16.11869 15.34867 13.67881 17.76534 13.97148 11.65661 12.60346 7.16486
18.03843 9.85867 3.81596 9.64104 9.79169 12.50360 0.82856 16.13506 15.33223 18.20378 14.76160 13.97001 11.35169 11.41003 8.75752
4.19190 3.95552 6.85788 4.96303 8.00003 11.24697 11.48838 16.41774 15.02435 13.97900 16.64661 13.99852 11.20744 12.50723 7.92389
4.21162 9.66274 1.11552 4.97020 8.00000 9.14504 13.21837 16.80450 13.18207 14.90414 15.46817 14.00071 13.14831 11.05054 7.37462
19.04993 4.09722 3.96192 6.58455 10.88780 12.50375 7.27368 16.13797 15.33536 14.47614 15.81549 13.97322 11.93903 12.59743 6.94844
9.10879 6.98622 0.98938 9.98362 4.01652 13.28263 11.46301 17.54985 15.70462 14.22171 13.95322 12.45407 11.53438 10.95011 17.62439
2.31012 9.02135 1.18633 5.09198 10.89556 12.50426 7.83030 16.13029 15.33663 16.50909 14.88716 13.97164 13.17997 10.78570 7.53422
4.73892 5.67501 3.04524 9.67302 7.49939 10.21110 11.87228 14.09506 16.00019 13.59940 18.72726 13.99885 11.69801 11.22973 8.72902
14.35728 10.63221 1.09316 4.93524 7.99994 10.26486 11.86459 16.80476 13.20157 13.61334 18.50427 14.00034 13.12587 10.82931 7.73780
13.26615 3.90734 7.79785 8.48396 10.84301 3.22292 15.09740 16.11840 15.35200 15.76372 15.04912 13.97243 13.00349 12.06731 6.72027
2.67871 3.89341 7.84168 9.98331 2.94935 9.55568 12.38299 14.01041 16.00030 17.97490 14.77997 13.99965 11.85219 11.01281 8.72824
19.79050 8.11531 1.21656 9.98394 3.18787 12.45866 11.47844 16.26034 15.48123 14.10184 16.51064 12.39022 12.07962 11.52295 9.08070
11.53621 3.99267 8.04700 5.00008 10.88587 12.50398 7.81388 16.13061 15.33621 18.03475 14.76690 13.97045 12.76397 12.34166 6.71435
14.88471 4.01943 4.01633 6.07893 5.99393 10.22492 12.82649 16.80586 13.18910 13.86667 16.95425 13.99995 11.63805 11.21161 8.72897
18.59002 7.18951 1.23033 5.62711 8.00016 8.98124 14.16827 14.00069 16.00048 19.26866 14.75292 13.99908 11.68802 11.16644 8.73094
11.50176 9.94560 1.12884 6.79022 10.88890 3.39103 15.09740 16.12721 15.34464 13.89890 16.80907 13.97210 11.56479 11.08863 8.76776
16.89972 3.97954 8.21566 12.84641 3.03190 5.05773 15.09724 16.13645 15.33171 13.64492 18.02406 13.97089 11.75610 12.60265 7.08074
12.85972 7.13947 5.18420 0.84757 8.01066 8.97007 14.23040 13.98804 15.99989 13.64660 18.12019 13.99918 13.09841 10.76890 7.89652
18.06755 3.90831 9.31139 5.08157 4.96845 11.87245 12.00222 16.80584 13.20124 13.66097 17.99013 13.99541 11.61349 12.56930 7.40793
4.58939 10.20524 1.21872 12.88212 3.02344 12.50451 7.91917 16.13472 15.33328 19.32160 14.74242 13.96975 11.62821 11.03320 8.76831
9.27021 6.99810 1.21176 5.94815 7.99935 13.38846 11.50253 19.72325 13.92206 13.83744 14.66622 12.47716 11.53281 10.94854 16.80084
8.59034 3.85381 7.92020 4.93175 8.00001 9.75588 12.16465 14.06071 15.99978 18.22803 14.77130 13.99987 13.14184 10.88993 7.58310
2.02001 3.90468 6.81445 6.45097 10.88940 12.50509 6.06406 16.12587 15.34385 14.16275 16.23140 13.96839 11.94942 10.78023 8.76105
15.37342 11.02991 0.72545 12.85864 3.03169 12.50411 7.67454 16.14442 15.32520 13.75099 17.34664 13.97122 11.62280 11.03142 8.76742
11.49832 3.94847 4.29437 9.98380 3.60521 11.81307 11.55143 16.80599 13.20613 18.23237 14.77283 13.99790 12.00196 10.90962 8.72532
13.78258 3.90935 8.16932 12.84359 3.05445 4.89306 15.09721 16.13947 15.33363 14.26140 16.08275 13.97318 11.59059 12.60396 7.21886
19.91905 10.43036 1.10770 12.23204 7.31748 3.21025 15.09725 16.12854 15.34353 15.03956 15.36093 13.97291 11.32701 12.59182 7.60156
18.37464 3.90317 6.40703 9.98366 3.00717 11.43481 11.58795 14.01216 15.99902 18.86844 14.75820 14.00138 13.09028 10.75688 7.92759
2.00708 6.56442 2.12875 12.86582 6.41440 12.50391 7.13989 16.14424 15.32242 19.73438 14.73844 13.96982 11.22952 11.70493 8.72000
1.42406 8.44964 1.10117 9.14634 10.52687 13.30127 5.93410 16.51878 16.71478 13.57342 14.73160 12.71326 11.50296 10.91869 19.61902
16.09805 3.10774 4.00345 9.98091 4.28419 8.97248 14.83576 16.84806 12.96976 15.43252 15.18554 13.90490 11.61828 12.64368 7.36493
11.11882 3.94228 6.95687 4.95862 8.00007 8.84101 14.44831 15.69189 15.70859 13.56111 19.87423 13.99455 13.09885 10.63718 7.91102
4.10759 7.20385 0.25144 5.62361 8.00020 9.07595 13.50740 14.00808 15.99924 13.58575 19.00414 14.00116 11.46674 12.55293 7.63475
11.80963 3.99582 8.06451 4.99337 10.88469 12.50400 7.89318 16.13246 15.33492 18.09444 14.76523 13.97075 12.13983 12.58096 6.86284
17.90293 6.74973 8.15204 0.09847 8.00845 8.93772 14.44622 14.08819 16.00048 18.95266 14.75651 13.99539 12.00350 10.88028 8.72556
13.99636 4.03165 3.86852 7.84503 10.88996 12.50387 7.12389 16.13200 15.33953 15.50024 15.13921 13.97258 13.18779 10.96437 7.26948
11.49357 3.88797 9.31112 4.96150 6.15249 11.88549 12.00051 14.00303 15.99996 13.75146 17.41111 13.99502 11.60312 12.56945 7.41868
7.90197 10.43928 1.09922 5.32561 10.88526 4.07872 15.09694 16.13367 15.33736 15.04757 15.35543 13.97282 11.83831 12.60066 7.01203
8.36501 9.82454 1.12708 4.96153 8.00000 9.37268 12.65181 14.00879 15.99910 17.31718 14.81271 13.99830 11.61683 11.24163 8.72839
10.18110 12.29891 1.12523 4.96230 6.09028 9.83072 12.94646 16.80580 13.19073 13.86087 16.97345 13.99997 11.91869 10.95945 8.72548
16.51396 3.92290 7.52846 4.93964 8.00001 11.81731 11.55115 16.80608 13.20047 16.72787 14.86995 13.99563 11.75981 11.08817 8.73316
12.11870 5.65629 3.08177 9.98238 6.04374 9.94689 12.05390 13.91466 15.99899 15.98542 15.00376 14.00128 11.40099 11.89997 8.62308
19.86539 1.56462 7.76823 12.05362 7.44701 3.20430 15.09713 16.13660 15.33550 14.19278 16.18663 13.97311 13.18800 10.99307 7.23364
7.03966 3.51447 8.24470 4.99749 10.86383 12.50398 7.82682 16.13676 15.32997 13.58018 18.86959 13.97023 13.18575 10.88214 7.38528
13.64048 3.76899 3.99702 6.17034 10.89293 5.37152 15.09694 16.12710 15.34509 14.04787 16.44735 13.97295 13.18795 10.99443 7.23404
15.68331 3.91350 7.89760 9.98315 2.94841 11.80877 11.55165 13.99329 16.00019 15.27556 15.25369 13.99662 12.05019 10.87626 8.72042
19.20504 7.19778 1.16822 9.98388 3.64775 8.95241 14.48443 14.00634 15.99739 13.63945 18.18934 13.99449 11.50499 12.56173 7.56827
6.81549 3.97692 8.19205 12.84052 3.01737 5.20311 15.09718 16.12187 15.35086 14.36824 15.94032 13.97323 13.18738 11.14224 7.09294
18.31919 3.88545 5.67356 7.28754 10.88974 12.50490 6.01606 16.12522 15.35053 15.66985 15.08367 13.97798 13.18046 10.76319 7.56976
13.10594 10.39178 1.15045 9.98363 2.95660 9.14037 13.23682 14.00715 15.99898 17.51734 14.80034 13.99963 13.14747 11.28032 7.16717
9.87745 1.39174 8.56608 9.96094 2.94071 11.82118 11.55616 13.96676 15.99974 15.65366 15.09994 13.99628 11.85682 11.01085 8.73102
7.87640 9.00690 1.17122 5.07480 10.89367 5.49512 15.09684 16.12854 15.33996 15.94296 14.99926 13.97262 13.16317 11.57062 6.85172
16.20768 7.00525 0.68288 5.96122 7.92918 11.89240 11.63675 16.80701 13.08759 14.63374 15.68174 13.98720 11.75365 11.08674 8.73943
13.90802 10.99629 1.18555 12.85996 3.01017 12.50412 7.86210 16.13944 15.33115 13.81098 17.09433 13.97152 11.55555 11.10121 8.76715
18.93983 5.07447 3.60397 12.87576 6.28142 4.56894 15.09704 16.14564 15.32187 13.60104 18.51802 13.97047 11.13517 12.16828 8.51406
15.64310 6.85788 1.56539 6.56025 7.99993 8.85477 15.06588 16.35314 15.38516 14.32414 16.12664 12.70185 11.91064 11.35265 9.09796
2.00110 5.48942 3.24425 7.62311 8.00057 9.31422 12.69886 16.80560 13.35770 14.00364 16.58377 13.99958 13.14544 10.89733 7.53244
13.58739 10.97959 1.18965 12.85576 3.02462 5.11993 15.09744 16.13010 15.34293 14.93608 15.42588 13.97207 11.27495 11.55058 8.74564
13.74470 3.88952 7.80426 12.86154 5.75970 12.50386 5.85247 16.11667 15.35446 14.26924 16.07035 13.97268 13.18448 11.25763 7.00881
0.69659 4.59115 4.18226 9.98396 3.63750 8.96267 14.32050 16.80495 13.19680 14.77700 15.56074 13.99668 11.67822 11.18574 8.73076
